gTG	E_N2_num	E_N2_ana	E_N2_sf	E_N3_num	E_N3_ana	E_N3_sf
0	-13.107	-13.0919	-13.107	-27.8914	-27.6772	-27.8914
0.1	-12.964	-12.949	-12.964	-27.4923	-27.285	-27.4923
0.2	-12.8224	-12.8068	-12.8224	-27.0963	-26.8953	-27.0963
0.3	-12.6823	-12.6653	-12.6823	-26.7033	-26.5082	-26.7033
0.4	-12.5437	-12.5246	-12.5437	-26.3135	-26.1237	-26.3135
0.5	-12.4065	-12.3847	-12.4065	-25.9267	-25.7418	-25.9267
0.6	-12.2708	-12.2456	-12.2708	-25.5432	-25.3625	-25.5432
0.7	-12.1365	-12.1072	-12.1365	-25.1627	-24.9858	-25.1627
0.8	-12.0037	-11.9696	-12.0037	-24.7855	-24.6118	-24.7855
0.9	-11.8723	-11.8327	-11.8723	-24.4115	-24.2404	-24.4115
1	-11.7423	-11.6966	-11.7423	-24.0408	-23.8716	-24.0408
1.1	-11.6138	-11.5613	-11.6138	-23.6733	-23.5054	-23.6733
1.2	-11.4867	-11.4268	-11.4867	-23.3091	-23.1419	-23.3091
1.3	-11.3611	-11.293	-11.3611	-22.9483	-22.781	-22.9483
1.4	-11.2368	-11.16	-11.2368	-22.5908	-22.4227	-22.5908
1.5	-11.114	-11.0277	-11.114	-22.2367	-22.0671	-22.2367
1.6	-10.9926	-10.8962	-10.9926	-21.8859	-21.7141	-21.8859
1.7	-10.8726	-10.7655	-10.8726	-21.5386	-21.3638	-21.5386
1.8	-10.754	-10.6356	-10.754	-21.1948	-21.0162	-21.1948
1.9	-10.6368	-10.5064	-10.6368	-20.8543	-20.6712	-20.8543
2	-10.521	-10.378	-10.521	-20.5174	-20.3288	-20.5174
2.1	-10.4066	-10.2503	-10.4066	-20.184	-19.9892	-20.184
2.2	-10.2936	-10.1235	-10.2936	-19.854	-19.6522	-19.854
2.3	-10.182	-9.99736	-10.182	-19.5276	-19.3179	-19.5276
2.4	-10.0717	-9.87203	-10.0717	-19.2048	-18.9863	-19.2048
2.5	-9.96285	-9.74747	-9.96285	-18.8855	-18.6574	-18.8855
2.6	-9.85533	-9.62368	-9.85533	-18.5699	-18.3311	-18.5699
2.7	-9.74917	-9.50066	-9.74917	-18.2578	-18.0076	-18.2578
2.8	-9.64436	-9.37842	-9.64436	-17.9493	-17.6867	-17.9493
2.9	-9.5409	-9.25695	-9.5409	-17.6445	-17.3686	-17.6445
3	-9.43879	-9.13625	-9.43879	-17.3433	-17.0532	-17.3433
3.1	-9.338	-9.01632	-9.338	-17.0458	-16.7404	-17.0458
3.2	-9.23854	-8.89717	-9.23854	-16.752	-16.4304	-16.752
3.3	-9.14041	-8.77879	-9.14041	-16.4618	-16.1232	-16.4618
3.4	-9.04359	-8.66119	-9.04359	-16.1753	-15.8186	-16.1753
3.5	-8.94808	-8.54436	-8.94808	-15.8925	-15.5168	-15.8925
3.6	-8.85388	-8.4283	-8.85388	-15.6135	-15.2177	-15.6135
3.7	-8.76096	-8.31302	-8.76096	-15.3382	-14.9213	-15.3382
3.8	-8.66933	-8.19852	-8.66933	-15.0666	-14.6277	-15.0666
3.9	-8.57899	-8.08479	-8.57899	-14.7987	-14.3369	-14.7987
4	-8.48991	-7.97184	-8.48991	-14.5346	-14.0488	-14.5346
4.1	-8.4021	-7.85966	-8.4021	-14.2742	-13.7634	-14.2742
4.2	-8.31555	-7.74826	-8.31555	-14.0176	-13.4808	-14.0176
4.3	-8.23024	-7.63764	-8.23024	-13.7647	-13.201	-13.7647
4.4	-8.14617	-7.5278	-8.14617	-13.5156	-12.924	-13.5156
4.5	-8.06334	-7.41873	-8.06334	-13.2702	-12.6497	-13.2702
4.6	-7.98173	-7.31045	-7.98173	-13.0286	-12.3782	-13.0286
4.7	-7.90133	-7.20294	-7.90133	-12.7908	-12.1095	-12.7908
4.8	-7.82214	-7.09621	-7.82214	-12.5567	-11.8436	-12.5567
4.9	-7.74415	-6.99026	-7.74415	-12.3263	-11.5805	-12.3263
5	-7.66734	-6.88509	-7.66734	-12.0998	-11.3201	-12.0998
5.1	-7.59171	-6.78071	-7.59171	-11.8769	-11.0626	-11.8769
5.2	-7.51725	-6.6771	-7.51725	-11.6578	-10.8079	-11.6578
5.3	-7.44396	-6.57427	-7.44396	-11.4424	-10.556	-11.4424
5.4	-7.37181	-6.47223	-7.37181	-11.2308	-10.3069	-11.2308
5.5	-7.3008	-6.37096	-7.3008	-11.0229	-10.0607	-11.0229
5.6	-7.23092	-6.27048	-7.23092	-10.8186	-9.81728	-10.8186
5.7	-7.16217	-6.17078	-7.16217	-10.6181	-9.57669	-10.6181
5.8	-7.09453	-6.07187	-7.09453	-10.4212	-9.33894	-10.4212
5.9	-7.02798	-5.97374	-7.02798	-10.228	-9.10404	-10.228
6	-6.96253	-5.87639	-6.96253	-10.0385	-8.87198	-10.0385
6.1	-6.89815	-5.77983	-6.89815	-9.8526	-8.64278	-9.8526
6.2	-6.83485	-5.68405	-6.83485	-9.67031	-8.41644	-9.67031
6.3	-6.7726	-5.58905	-6.7726	-9.49163	-8.19296	-9.49163
6.4	-6.7114	-5.49484	-6.7114	-9.31652	-7.97235	-9.31652
6.5	-6.65124	-5.40142	-6.65124	-9.14497	-7.75461	-9.14497
6.6	-6.5921	-5.30878	-6.5921	-8.97696	-7.53976	-8.97696
6.7	-6.53398	-5.21693	-6.53398	-8.81246	-7.32779	-8.81246
6.8	-6.47686	-5.12586	-6.47686	-8.65145	-7.11871	-8.65145
6.9	-6.42073	-5.03559	-6.42073	-8.4939	-6.91252	-8.4939
7	-6.36558	-4.9461	-6.36558	-8.33979	-6.70924	-8.33979
7.1	-6.3114	-4.85739	-6.3114	-8.18908	-6.50886	-8.18908
7.2	-6.25818	-4.76948	-6.25818	-8.04175	-6.3114	-8.04175
7.3	-6.2059	-4.68236	-6.2059	-7.89777	-6.11685	-7.89777
7.4	-6.15456	-4.59602	-6.15456	-7.7571	-5.92522	-7.7571
7.5	-6.10413	-4.51047	-6.10413	-7.61972	-5.73652	-7.61972
7.6	-6.05462	-4.42571	-6.05462	-7.48559	-5.55075	-7.48559
7.7	-6.00601	-4.34175	-6.00601	-7.35466	-5.36793	-7.35466
7.8	-5.95828	-4.25857	-5.95828	-7.22692	-5.18804	-7.22692
7.9	-5.91143	-4.17619	-5.91143	-7.10231	-5.01111	-7.10231
8	-5.86544	-4.09459	-5.86544	-6.98081	-4.83713	-6.98081
8.1	-5.8203	-4.01379	-5.8203	-6.86236	-4.66612	-6.86236
8.2	-5.776	-3.93378	-5.776	-6.74694	-4.49807	-6.74694
8.3	-5.73253	-3.85456	-5.73253	-6.63449	-4.33299	-6.63449
8.4	-5.68986	-3.77614	-5.68986	-6.52498	-4.1709	-6.52498
8.5	-5.64801	-3.6985	-5.64801	-6.41837	-4.01178	-6.41837
8.6	-5.60694	-3.62167	-5.60694	-6.3146	-3.85566	-6.3146
8.7	-5.56665	-3.54562	-5.56665	-6.21364	-3.70253	-6.21364
8.8	-5.52713	-3.47037	-5.52713	-6.11543	-3.55241	-6.11543
8.9	-5.48836	-3.39592	-5.48836	-6.01994	-3.40529	-6.01994
9	-5.45033	-3.32226	-5.45033	-5.92712	-3.26119	-5.92712
9.1	-5.41303	-3.24939	-5.41303	-5.83691	-3.1201	-5.83691
9.2	-5.37646	-3.17732	-5.37646	-5.74928	-2.98204	-5.74928
9.3	-5.34058	-3.10605	-5.34058	-5.66416	-2.84702	-5.66416
9.4	-5.3054	-3.03558	-5.3054	-5.58151	-2.71503	-5.58151
9.5	-5.27091	-2.9659	-5.27091	-5.50129	-2.58608	-5.50129
9.6	-5.23708	-2.89702	-5.23708	-5.42344	-2.46019	-5.42344
9.7	-5.20392	-2.82894	-5.20392	-5.34791	-2.33735	-5.34791
9.8	-5.1714	-2.76165	-5.1714	-5.27466	-2.21757	-5.27466
9.9	-5.13952	-2.69517	-5.13952	-5.20363	-2.10087	-5.20363
10	-5.10826	-2.62948	-5.10826	-5.13476	-1.98724	-5.13476
10.1	-5.07761	-2.56459	-5.07761	-5.06802	-1.87669	-5.06802
10.2	-5.04758	-2.50051	-5.04758	-5.00336	-1.76923	-5.00336
10.3	-5.01812	-2.43722	-5.01812	-4.94071	-1.66486	-4.94071
10.4	-4.98925	-2.37474	-4.98925	-4.88003	-1.5636	-4.88003
10.5	-4.96096	-2.31305	-4.96096	-4.82127	-1.46544	-4.82127
10.6	-4.93321	-2.25217	-4.93321	-4.76438	-1.3704	-4.76438
10.7	-4.90602	-2.19209	-4.90602	-4.70931	-1.27847	-4.70931
10.8	-4.87936	-2.13281	-4.87936	-4.65601	-1.18968	-4.65601
10.9	-4.85323	-2.07433	-4.85323	-4.60444	-1.10402	-4.60444
11	-4.82762	-2.01666	-4.82762	-4.55454	-1.0215	-4.55454
11.1	-4.80251	-1.95979	-4.80251	-4.50627	-0.942125	-4.50627
11.2	-4.7779	-1.90372	-4.7779	-4.45957	-0.865907	-4.45957
11.3	-4.75377	-1.84846	-4.75377	-4.41442	-0.792851	-4.41442
11.4	-4.73012	-1.79401	-4.73012	-4.37075	-0.722964	-4.37075
11.5	-4.70694	-1.74036	-4.70694	-4.32852	-0.656251	-4.32852
11.6	-4.68422	-1.68751	-4.68422	-4.28769	-0.592721	-4.28769
11.7	-4.66194	-1.63547	-4.66194	-4.24822	-0.532381	-4.24822
11.8	-4.64011	-1.58424	-4.64011	-4.21006	-0.475237	-4.21006
11.9	-4.6187	-1.53381	-4.6187	-4.17317	-0.421297	-4.17317
12	-4.59771	-1.48419	-4.59771	-4.13751	-0.370568	-4.13751
12.1	-4.57714	-1.43538	-4.57714	-4.10303	-0.323057	-4.10303
12.2	-4.55697	-1.38737	-4.55697	-4.0697	-0.278771	-4.0697
12.3	-4.53719	-1.34018	-4.53719	-4.03749	-0.237719	-4.03749
12.4	-4.5178	-1.29379	-4.5178	-4.00635	-0.199906	-4.00635
12.5	-4.49879	-1.24822	-4.49879	-3.97624	-0.165342	-3.97624
12.6	-4.48015	-1.20345	-4.48015	-3.94714	-0.134033	-3.94714
12.7	-4.46187	-1.15949	-4.46187	-3.919	-0.105986	-3.919
12.8	-4.44395	-1.11634	-4.44395	-3.89179	-0.0812098	-3.89179
12.9	-4.42637	-1.07401	-4.42637	-3.86547	-0.0597118	-3.86547
13	-4.40913	-1.03248	-4.40913	-3.84003	-0.0414996	-3.84003
13.1	-4.39223	-0.991769	-4.39223	-3.81542	-0.026581	-3.81542
13.2	-4.37565	-0.951868	-4.37565	-3.79161	-0.0149638	-3.79161
13.3	-4.35938	-0.912779	-4.35938	-3.76858	-0.00665592	-3.76858
13.4	-4.34343	-0.874503	-4.34343	-3.7463	-0.00166532	-3.7463
13.5	-4.32779	-0.837041	-4.32779	-3.72473	0	-3.72473
13.6	-4.31244	-0.800393	-4.31244	-3.70386	NaN	-3.70386
13.7	-4.29738	-0.764559	-4.29738	-3.68365	NaN	-3.68365
13.8	-4.28261	-0.729539	-4.28261	-3.66409	NaN	-3.66409
13.9	-4.26811	-0.695335	-4.26811	-3.64514	NaN	-3.64514
14	-4.25389	-0.661946	-4.25389	-3.62679	NaN	-3.62679
14.1	-4.23993	-0.629372	-4.23993	-3.60901	NaN	-3.60901
14.2	-4.22624	-0.597616	-4.22624	-3.59178	NaN	-3.59178
14.3	-4.2128	-0.566676	-4.2128	-3.57508	NaN	-3.57508
14.4	-4.19961	-0.536553	-4.19961	-3.55889	NaN	-3.55889
14.5	-4.18666	-0.507248	-4.18666	-3.54319	NaN	-3.54319
14.6	-4.17396	-0.47876	-4.17396	-3.52796	NaN	-3.52796
14.7	-4.16148	-0.451092	-4.16148	-3.51319	NaN	-3.51319
14.8	-4.14924	-0.424242	-4.14924	-3.49885	NaN	-3.49885
14.9	-4.13721	-0.398211	-4.13721	-3.48493	NaN	-3.48493
15	-4.12542	-0.373	-4.12542	-3.47141	NaN	-3.47141
15.1	-4.11382	-0.34861	-4.11382	-3.45829	NaN	-3.45829
15.2	-4.10245	-0.32504	-4.10245	-3.44554	NaN	-3.44554
15.3	-4.09127	-0.302291	-4.09127	-3.43314	NaN	-3.43314
15.4	-4.08029	-0.280363	-4.08029	-3.4211	NaN	-3.4211
15.5	-4.06952	-0.259257	-4.06952	-3.40938	NaN	-3.40938
15.6	-4.05892	-0.238974	-4.05892	-3.39799	NaN	-3.39799
15.7	-4.04853	-0.219513	-4.04853	-3.3869	NaN	-3.3869
15.8	-4.03831	-0.200876	-4.03831	-3.37611	NaN	-3.37611
15.9	-4.02828	-0.183062	-4.02828	-3.36561	NaN	-3.36561
16	-4.01842	-0.166072	-4.01842	-3.35539	NaN	-3.35539
16.1	-4.00873	-0.149906	-4.00873	-3.34542	NaN	-3.34542
16.2	-3.99921	-0.134566	-3.99921	-3.33572	NaN	-3.33572
16.3	-3.98985	-0.120051	-3.98985	-3.33576	NaN	-3.32626
16.4	-3.98066	-0.106362	-3.98066	-3.33576	NaN	-3.31704
16.5	-3.97162	-0.0934986	-3.97162	-3.33576	NaN	-3.30804
16.6	-3.96274	-0.0814621	-3.96274	-3.33576	NaN	-3.29927
16.7	-3.95401	-0.0702529	-3.95401	-3.33576	NaN	-3.2907
16.8	-3.94543	-0.0598711	-3.94543	-3.33576	NaN	-3.28235
16.9	-3.93699	-0.0503173	-3.93699	-3.33576	NaN	-3.27419
17	-3.9287	-0.041592	-3.9287	-3.33576	NaN	-3.26622
17.1	-3.92054	-0.0336956	-3.92054	-3.33576	NaN	-3.25843
17.2	-3.91253	-0.0266284	-3.91253	-3.33576	NaN	-3.25082
17.3	-3.90464	-0.020391	-3.90464	-3.33576	NaN	-3.24339
17.4	-3.89688	-0.0149838	-3.89688	-3.33576	NaN	-3.23612
17.5	-3.88926	-0.0104073	-3.88926	-3.33576	NaN	-3.22901
17.6	-3.88176	-0.00666188	-3.88176	-3.33576	NaN	-3.22205
17.7	-3.87438	-0.00374798	-3.87438	-3.33576	NaN	-3.21524
17.8	-3.86712	-0.00166607	-3.86712	-3.33576	NaN	-3.20858
17.9	-3.85997	-0.000416592	-3.85997	-3.33576	NaN	-3.20205
18	-3.85295	0	-3.85295	-3.33576	NaN	-3.19567
18.1	-3.84604	NaN	-3.84604	-3.33576	NaN	-3.18941
18.2	-3.83924	NaN	-3.83924	-3.33576	NaN	-3.18327
18.3	-3.83254	NaN	-3.83254	-3.33576	NaN	-3.17727
18.4	-3.82596	NaN	-3.82596	-3.33576	NaN	-3.17137
18.5	-3.81947	NaN	-3.81947	-3.33576	NaN	-3.1656
18.6	-3.81309	NaN	-3.81309	-3.33576	NaN	-3.15993
18.7	-3.80682	NaN	-3.80682	-3.33576	NaN	-3.15438
18.8	-3.80063	NaN	-3.80063	-3.33576	NaN	-3.14892
18.9	-3.79455	NaN	-3.79455	-3.33576	NaN	-3.14357
19	-3.78856	NaN	-3.78856	-3.33576	NaN	-3.13831
19.1	-3.78267	NaN	-3.78267	-3.33576	NaN	-3.13316
19.2	-3.77686	NaN	-3.77686	-3.33576	NaN	-3.12809
19.3	-3.77114	NaN	-3.77114	-3.33576	NaN	-3.12312
19.4	-3.76551	NaN	-3.76551	-3.33576	NaN	-3.11823
19.5	-3.75997	NaN	-3.75997	-3.33576	NaN	-3.11342
19.6	-3.75451	NaN	-3.75451	-3.33576	NaN	-3.1087
19.7	-3.74913	NaN	-3.74913	-3.33576	NaN	-3.10406
19.8	-3.74383	NaN	-3.74383	-3.33576	NaN	-3.09949
19.9	-3.73861	NaN	-3.73861	-3.33576	NaN	-3.09501
20	-3.73348	NaN	-3.73348	-3.33576	NaN	-3.09059
20.1	-3.72841	NaN	-3.72841	-3.33576	NaN	-3.08625
20.2	-3.72343	NaN	-3.72343	-3.33576	NaN	-3.08197
20.3	-3.71851	NaN	-3.71851	-3.33576	NaN	-3.07777
20.4	-3.71367	NaN	-3.71367	-3.33576	NaN	-3.07363
20.5	-3.7089	NaN	-3.7089	-3.33576	NaN	-3.06955
20.6	-3.7042	NaN	-3.7042	-3.33576	NaN	-3.06554
20.7	-3.69957	NaN	-3.69957	-3.33576	NaN	-3.06158
20.8	-3.695	NaN	-3.695	-3.33576	NaN	-3.05769
20.9	-3.6905	NaN	-3.6905	-3.33576	NaN	-3.05385
21	-3.68607	NaN	-3.68607	-3.33576	NaN	-3.05008
21.1	-3.68169	NaN	-3.68169	-3.33576	NaN	-3.04635
21.2	-3.67739	NaN	-3.67739	-3.33576	NaN	-3.04268
21.3	-3.67314	NaN	-3.67314	-3.33576	NaN	-3.03907
21.4	-3.66896	NaN	-3.66896	-3.33576	NaN	-3.0355
21.5	-3.66483	NaN	-3.66483	-3.33576	NaN	-3.03198
21.6	-3.66076	NaN	-3.66076	-3.33576	NaN	-3.02852
21.7	-3.65675	NaN	-3.65675	-3.33576	NaN	-3.0251
21.8	-3.65279	NaN	-3.65279	-3.33576	NaN	-3.02172
21.9	-3.64889	NaN	-3.64889	-3.33576	NaN	-3.01839
22	-3.64505	NaN	-3.64505	-3.33576	NaN	-3.01511
22.1	-3.64125	NaN	-3.64125	-3.33576	NaN	-3.01188
22.2	-3.63751	NaN	-3.63751	-3.33576	NaN	-3.00868
22.3	-3.63382	NaN	-3.63382	-3.33576	NaN	-3.00552
22.4	-3.63019	NaN	-3.63019	-3.33576	NaN	-3.00241
22.5	-3.62659	NaN	-3.62659	-3.33576	NaN	-2.99933
22.6	-3.62305	NaN	-3.62305	-3.33576	NaN	-2.9963
22.7	-3.61956	NaN	-3.61956	-3.33576	NaN	-2.9933
22.8	-3.61612	NaN	-3.61612	-3.33576	NaN	-2.99034
22.9	-3.61272	NaN	-3.61272	-3.33576	NaN	-2.98741
23	-3.60936	NaN	-3.60936	-3.33576	NaN	-2.98453
23.1	-3.60606	NaN	-3.60606	-3.33576	NaN	-2.98167
23.2	-3.60279	NaN	-3.60279	-3.33576	NaN	-2.97886
23.3	-3.59957	NaN	-3.59957	-3.33576	NaN	-2.97607
23.4	-3.5964	NaN	-3.5964	-3.33576	NaN	-2.97332
23.5	-3.59326	NaN	-3.59326	-3.33576	NaN	-2.9706
23.6	-3.59017	NaN	-3.59017	-3.33576	NaN	-2.96791
23.7	-3.58712	NaN	-3.58712	-3.33576	NaN	-2.96526
23.8	-3.5841	NaN	-3.5841	-3.33576	NaN	-2.96263
23.9	-3.58113	NaN	-3.58113	-3.33576	NaN	-2.96003
24	-3.57819	NaN	-3.57819	-3.33576	NaN	-2.95747
24.1	-3.57529	NaN	-3.57529	-3.33576	NaN	-2.95493
24.2	-3.57244	NaN	-3.57244	-3.33576	NaN	-2.95242
24.3	-3.56961	NaN	-3.56961	-3.33576	NaN	-2.94994
24.4	-3.56682	NaN	-3.56682	-3.33576	NaN	-2.94748
24.5	-3.56408	NaN	-3.56408	-3.33576	NaN	-2.94506
24.6	-3.56136	NaN	-3.56136	-3.33576	NaN	-2.94265
24.7	-3.55868	NaN	-3.55868	-3.33576	NaN	-2.94028
24.8	-3.55603	NaN	-3.55603	-3.33576	NaN	-2.93793
24.9	-3.55342	NaN	-3.55342	-3.33576	NaN	-2.9356
25	-3.55084	NaN	-3.55084	-3.33576	NaN	-2.9333
25.1	-3.5483	NaN	-3.5483	-3.33576	NaN	-2.93102
25.2	-3.54578	NaN	-3.54578	-3.33576	NaN	-2.92877
25.3	-3.5433	NaN	-3.5433	-3.33576	NaN	-2.92654
25.4	-3.54085	NaN	-3.54085	-3.33576	NaN	-2.92433
25.5	-3.53842	NaN	-3.53842	-3.33576	NaN	-2.92215
25.6	-3.53603	NaN	-3.53603	-3.33576	NaN	-2.91999
25.7	-3.53367	NaN	-3.53367	-3.33576	NaN	-2.91784
25.8	-3.53134	NaN	-3.53134	-3.33576	NaN	-2.91572
25.9	-3.52904	NaN	-3.52904	-3.33576	NaN	-2.91363
26	-3.52676	NaN	-3.52676	-3.33576	NaN	-2.91155
26.1	-3.52451	NaN	-3.52451	-3.33576	NaN	-2.90949
26.2	-3.5223	NaN	-3.5223	-3.33576	NaN	-2.90745
26.3	-3.5201	NaN	-3.5201	-3.33576	NaN	-2.90543
26.4	-3.51793	NaN	-3.51793	-3.33576	NaN	-2.90343
26.5	-3.5158	NaN	-3.5158	-3.33576	NaN	-2.90146
26.6	-3.51368	NaN	-3.51368	-3.33576	NaN	-2.89949
26.7	-3.5116	NaN	-3.5116	-3.33576	NaN	-2.89755
26.8	-3.50953	NaN	-3.50953	-3.33576	NaN	-2.89563
26.9	-3.50749	NaN	-3.50749	-3.33576	NaN	-2.89372
27	-3.50549	NaN	-3.50549	-3.33576	NaN	-2.89183
27.1	-3.50349	NaN	-3.50349	-3.33576	NaN	-2.88996
27.2	-3.50153	NaN	-3.50153	-3.33576	NaN	-2.8881
27.3	-3.49959	NaN	-3.49959	-3.33576	NaN	-2.88627
27.4	-3.49767	NaN	-3.49767	-3.33576	NaN	-2.88445
27.5	-3.49577	NaN	-3.49577	-3.33576	NaN	-2.88264
27.6	-3.4939	NaN	-3.4939	-3.33576	NaN	-2.88085
27.7	-3.49205	NaN	-3.49205	-3.33576	NaN	-2.87908
27.8	-3.49022	NaN	-3.49022	-3.33576	NaN	-2.87732
27.9	-3.48841	NaN	-3.48841	-3.33576	NaN	-2.87558
28	-3.48663	NaN	-3.48663	-3.33576	NaN	-2.87385
28.1	-3.48486	NaN	-3.48486	-3.33576	NaN	-2.87214
28.2	-3.48312	NaN	-3.48312	-3.33576	NaN	-2.87044
28.3	-3.48139	NaN	-3.48139	-3.33576	NaN	-2.86876
28.4	-3.47969	NaN	-3.47969	-3.33576	NaN	-2.86709
28.5	-3.47801	NaN	-3.47801	-3.33576	NaN	-2.86543
28.6	-3.47634	NaN	-3.47634	-3.33576	NaN	-2.86379
28.7	-3.4747	NaN	-3.4747	-3.33576	NaN	-2.86217
28.8	-3.47307	NaN	-3.47307	-3.33576	NaN	-2.86055
28.9	-3.47146	NaN	-3.47146	-3.33576	NaN	-2.85895
29	-3.46987	NaN	-3.46987	-3.33576	NaN	-2.85737
29.1	-3.4683	NaN	-3.4683	-3.33576	NaN	-2.85579
29.2	-3.46675	NaN	-3.46675	-3.33576	NaN	-2.85423
29.3	-3.46521	NaN	-3.46521	-3.33576	NaN	-2.85268
29.4	-3.46369	NaN	-3.46369	-3.33576	NaN	-2.85115
29.5	-3.46219	NaN	-3.46219	-3.33576	NaN	-2.84962
29.6	-3.46071	NaN	-3.46071	-3.33576	NaN	-2.84811
29.7	-3.45925	NaN	-3.45925	-3.33576	NaN	-2.84661
29.8	-3.4578	NaN	-3.4578	-3.33576	NaN	-2.84513
29.9	-3.45637	NaN	-3.45637	-3.33576	NaN	-2.84365
30	-3.45494	NaN	-3.45494	-3.33576	NaN	-2.84219
30.1	-3.45355	NaN	-3.45355	-3.33576	NaN	-2.84073
30.2	-3.45216	NaN	-3.45216	-3.33576	NaN	-2.83929
30.3	-3.45079	NaN	-3.45079	-3.33576	NaN	-2.83786
30.4	-3.44944	NaN	-3.44944	-3.33576	NaN	-2.83644
30.5	-3.4481	NaN	-3.4481	-3.33576	NaN	-2.83503
30.6	-3.44678	NaN	-3.44678	-3.33576	NaN	-2.83363
30.7	-3.44546	NaN	-3.44546	-3.33576	NaN	-2.83224
30.8	-3.44417	NaN	-3.44417	-3.33576	NaN	-2.83086
30.9	-3.44289	NaN	-3.44289	-3.33576	NaN	-2.82949
31	-3.44162	NaN	-3.44162	-3.33576	NaN	-2.82814
31.1	-3.44037	NaN	-3.44037	-3.33576	NaN	-2.82679
31.2	-3.43914	NaN	-3.43914	-3.33576	NaN	-2.82545
31.3	-3.43791	NaN	-3.43791	-3.33576	NaN	-2.82412
31.4	-3.4367	NaN	-3.4367	-3.33576	NaN	-2.8228
31.5	-3.43551	NaN	-3.43551	-3.33576	NaN	-2.82149
31.6	-3.43432	NaN	-3.43432	-3.33576	NaN	-2.8202
31.7	-3.43315	NaN	-3.43315	-3.33576	NaN	-2.8189
31.8	-3.43199	NaN	-3.43199	-3.33576	NaN	-2.81762
31.9	-3.43085	NaN	-3.43085	-3.33576	NaN	-2.81635
32	-3.42971	NaN	-3.42971	-3.33576	NaN	-2.81509
32.1	-3.42859	NaN	-3.42859	-3.33576	NaN	-2.81383
32.2	-3.42749	NaN	-3.42749	-3.33576	NaN	-2.81258
32.3	-3.42638	NaN	-3.42638	-3.33576	NaN	-2.81135
32.4	-3.4253	NaN	-3.4253	-3.33576	NaN	-2.81012
32.5	-3.42423	NaN	-3.42423	-3.33576	NaN	-2.8089
32.6	-3.42317	NaN	-3.42317	-3.33576	NaN	-2.80769
32.7	-3.42212	NaN	-3.42212	-3.33576	NaN	-2.80648
32.8	-3.42108	NaN	-3.42108	-3.33576	NaN	-2.80529
32.9	-3.42006	NaN	-3.42006	-3.33576	NaN	-2.8041
33	-3.41904	NaN	-3.41904	-3.33576	NaN	-2.80292
33.1	-3.41803	NaN	-3.41803	-3.33576	NaN	-2.80175
33.2	-3.41704	NaN	-3.41704	-3.33576	NaN	-2.80058
33.3	-3.41606	NaN	-3.41606	-3.33576	NaN	-2.79942
33.4	-3.41509	NaN	-3.41509	-3.33576	NaN	-2.79827
33.5	-3.41413	NaN	-3.41413	-3.33576	NaN	-2.79713
33.6	-3.41317	NaN	-3.41317	-3.33576	NaN	-2.796
33.7	-3.41223	NaN	-3.41223	-3.33576	NaN	-2.79487
33.8	-3.4113	NaN	-3.4113	-3.33576	NaN	-2.79375
33.9	-3.41038	NaN	-3.41038	-3.33576	NaN	-2.79263
34	-3.40947	NaN	-3.40947	-3.33576	NaN	-2.79153
34.1	-3.40856	NaN	-3.40856	-3.33576	NaN	-2.79043
34.2	-3.40767	NaN	-3.40767	-3.33576	NaN	-2.78934
34.3	-3.40678	NaN	-3.40678	-3.33576	NaN	-2.78825
34.4	-3.40592	NaN	-3.40592	-3.33576	NaN	-2.78717
34.5	-3.40505	NaN	-3.40505	-3.33576	NaN	-2.7861
34.6	-3.4042	NaN	-3.4042	-3.33576	NaN	-2.78504
34.7	-3.40335	NaN	-3.40335	-3.33576	NaN	-2.78398
34.8	-3.40251	NaN	-3.40251	-3.33576	NaN	-2.78292
34.9	-3.40169	NaN	-3.40169	-3.33576	NaN	-2.78188
35	-3.40086	NaN	-3.40086	-3.33576	NaN	-2.78083
35.1	-3.40005	NaN	-3.40005	-3.33576	NaN	-2.7798
35.2	-3.39925	NaN	-3.39925	-3.33576	NaN	-2.77877
35.3	-3.39846	NaN	-3.39846	-3.33576	NaN	-2.77775
35.4	-3.39767	NaN	-3.39767	-3.33576	NaN	-2.77674
35.5	-3.39689	NaN	-3.39689	-3.33576	NaN	-2.77573
35.6	-3.39613	NaN	-3.39613	-3.33576	NaN	-2.77472
35.7	-3.39536	NaN	-3.39536	-3.33576	NaN	-2.77372
35.8	-3.39461	NaN	-3.39461	-3.33576	NaN	-2.77273
35.9	-3.39387	NaN	-3.39387	-3.33576	NaN	-2.77174
36	-3.39313	NaN	-3.39313	-3.33576	NaN	-2.77076
36.1	-3.3924	NaN	-3.3924	-3.33576	NaN	-2.76979
36.2	-3.39168	NaN	-3.39168	-3.33576	NaN	-2.76882
36.3	-3.39096	NaN	-3.39096	-3.33576	NaN	-2.76785
36.4	-3.39026	NaN	-3.39026	-3.33576	NaN	-2.76689
36.5	-3.38956	NaN	-3.38956	-3.33576	NaN	-2.76594
36.6	-3.38887	NaN	-3.38887	-3.33576	NaN	-2.76499
36.7	-3.38818	NaN	-3.38818	-3.33576	NaN	-2.76404
36.8	-3.3875	NaN	-3.3875	-3.33576	NaN	-2.76311
36.9	-3.38683	NaN	-3.38683	-3.33576	NaN	-2.76217
37	-3.38617	NaN	-3.38617	-3.33576	NaN	-2.76124
37.1	-3.38551	NaN	-3.38551	-3.33576	NaN	-2.76032
37.2	-3.38486	NaN	-3.38486	-3.33576	NaN	-2.7594
37.3	-3.38422	NaN	-3.38422	-3.33576	NaN	-2.75849
37.4	-3.38358	NaN	-3.38358	-3.33576	NaN	-2.75758
37.5	-3.38295	NaN	-3.38295	-3.33576	NaN	-2.75668
37.6	-3.38233	NaN	-3.38233	-3.33576	NaN	-2.75578
37.7	-3.38171	NaN	-3.38171	-3.33576	NaN	-2.75488
37.8	-3.3811	NaN	-3.3811	-3.33576	NaN	-2.75399
37.9	-3.3805	NaN	-3.3805	-3.33576	NaN	-2.7531
38	-3.3799	NaN	-3.3799	-3.33576	NaN	-2.75222
38.1	-3.3793	NaN	-3.3793	-3.33576	NaN	-2.75135
38.2	-3.37872	NaN	-3.37872	-3.33576	NaN	-2.75047
38.3	-3.37814	NaN	-3.37814	-3.33576	NaN	-2.74961
38.4	-3.37757	NaN	-3.37757	-3.33576	NaN	-2.74874
38.5	-3.37699	NaN	-3.37699	-3.33576	NaN	-2.74788
38.6	-3.37643	NaN	-3.37643	-3.33576	NaN	-2.74703
38.7	-3.37588	NaN	-3.37588	-3.33576	NaN	-2.74618
38.8	-3.37532	NaN	-3.37532	-3.33576	NaN	-2.74533
38.9	-3.37478	NaN	-3.37478	-3.33576	NaN	-2.74449
39	-3.37425	NaN	-3.37425	-3.33576	NaN	-2.74365
39.1	-3.37371	NaN	-3.37371	-3.33576	NaN	-2.74282
39.2	-3.37318	NaN	-3.37318	-3.33576	NaN	-2.74198
39.3	-3.37265	NaN	-3.37265	-3.33576	NaN	-2.74116
39.4	-3.37214	NaN	-3.37214	-3.33576	NaN	-2.74033
39.5	-3.37163	NaN	-3.37163	-3.33576	NaN	-2.73951
39.6	-3.37112	NaN	-3.37112	-3.33576	NaN	-2.7387
39.7	-3.37062	NaN	-3.37062	-3.33576	NaN	-2.73789
39.8	-3.37012	NaN	-3.37012	-3.33576	NaN	-2.73708
39.9	-3.36963	NaN	-3.36963	-3.33576	NaN	-2.73628
40	-3.36915	NaN	-3.36915	-3.33576	NaN	-2.73548
40.1	-3.36866	NaN	-3.36866	-3.33576	NaN	-2.73468
40.2	-3.36819	NaN	-3.36819	-3.33576	NaN	-2.73389
40.3	-3.36771	NaN	-3.36771	-3.33576	NaN	-2.7331
40.4	-3.36724	NaN	-3.36724	-3.33576	NaN	-2.73231
40.5	-3.36678	NaN	-3.36678	-3.33576	NaN	-2.73153
40.6	-3.36633	NaN	-3.36633	-3.33576	NaN	-2.73075
40.7	-3.36588	NaN	-3.36588	-3.33576	NaN	-2.72997
40.8	-3.36543	NaN	-3.36543	-3.33576	NaN	-2.7292
40.9	-3.36498	NaN	-3.36498	-3.33576	NaN	-2.72843
41	-3.36454	NaN	-3.36454	-3.33576	NaN	-2.72767
41.1	-3.36412	NaN	-3.36412	-3.33576	NaN	-2.7269
41.2	-3.36368	NaN	-3.36368	-3.33576	NaN	-2.72615
41.3	-3.36326	NaN	-3.36326	-3.33576	NaN	-2.72539
41.4	-3.36284	NaN	-3.36284	-3.33576	NaN	-2.72464
41.5	-3.36242	NaN	-3.36242	-3.33576	NaN	-2.72389
41.6	-3.36201	NaN	-3.36201	-3.33576	NaN	-2.72314
41.7	-3.3616	NaN	-3.3616	-3.33576	NaN	-2.7224
41.8	-3.36119	NaN	-3.36119	-3.33576	NaN	-2.72165
41.9	-3.36079	NaN	-3.36079	-3.33576	NaN	-2.72091
42	-3.3604	NaN	-3.3604	-3.33576	NaN	-2.72018
42.1	-3.36	NaN	-3.36	-3.33576	NaN	-2.71945
42.2	-3.35962	NaN	-3.35962	-3.33576	NaN	-2.71872
42.3	-3.35923	NaN	-3.35923	-3.33576	NaN	-2.71799
42.4	-3.35885	NaN	-3.35885	-3.33576	NaN	-2.71727
42.5	-3.35847	NaN	-3.35847	-3.33576	NaN	-2.71655
42.6	-3.35811	NaN	-3.35811	-3.33576	NaN	-2.71583
42.7	-3.35773	NaN	-3.35773	-3.33576	NaN	-2.71512
42.8	-3.35737	NaN	-3.35737	-3.33576	NaN	-2.71441
42.9	-3.35701	NaN	-3.35701	-3.33576	NaN	-2.7137
43	-3.35665	NaN	-3.35665	-3.33576	NaN	-2.71299
43.1	-3.3563	NaN	-3.3563	-3.33576	NaN	-2.71229
43.2	-3.35595	NaN	-3.35595	-3.33576	NaN	-2.71158
43.3	-3.3556	NaN	-3.3556	-3.33576	NaN	-2.71089
43.4	-3.35526	NaN	-3.35526	-3.33576	NaN	-2.71019
43.5	-3.35492	NaN	-3.35492	-3.33576	NaN	-2.7095
43.6	-3.35459	NaN	-3.35459	-3.33576	NaN	-2.70881
43.7	-3.35425	NaN	-3.35425	-3.33576	NaN	-2.70812
43.8	-3.35392	NaN	-3.35392	-3.33576	NaN	-2.70743
43.9	-3.35359	NaN	-3.35359	-3.33576	NaN	-2.70675
44	-3.35327	NaN	-3.35327	-3.33576	NaN	-2.70607
44.1	-3.35295	NaN	-3.35295	-3.33576	NaN	-2.70539
44.2	-3.35264	NaN	-3.35264	-3.33576	NaN	-2.70471
44.3	-3.35232	NaN	-3.35232	-3.33576	NaN	-2.70404
44.4	-3.35202	NaN	-3.35202	-3.33576	NaN	-2.70337
44.5	-3.35171	NaN	-3.35171	-3.33576	NaN	-2.7027
44.6	-3.35141	NaN	-3.35141	-3.33576	NaN	-2.70203
44.7	-3.3511	NaN	-3.3511	-3.33576	NaN	-2.70136
44.8	-3.35081	NaN	-3.35081	-3.33576	NaN	-2.7007
44.9	-3.35052	NaN	-3.35052	-3.33576	NaN	-2.70004
45	-3.35023	NaN	-3.35023	-3.33576	NaN	-2.69938
45.1	-3.34994	NaN	-3.34994	-3.33576	NaN	-2.69873
45.2	-3.34965	NaN	-3.34965	-3.33576	NaN	-2.69807
45.3	-3.34937	NaN	-3.34937	-3.33576	NaN	-2.69742
45.4	-3.34909	NaN	-3.34909	-3.33576	NaN	-2.69677
45.5	-3.34881	NaN	-3.34881	-3.33576	NaN	-2.69612
45.6	-3.34854	NaN	-3.34854	-3.33576	NaN	-2.69548
45.7	-3.34827	NaN	-3.34827	-3.33576	NaN	-2.69484
45.8	-3.34847	NaN	-3.34801	-3.33576	NaN	-2.69419
45.9	-3.34847	NaN	-3.34775	-3.33576	NaN	-2.69355
46	-3.34847	NaN	-3.34747	-3.33576	NaN	-2.69292
46.1	-3.34847	NaN	-3.34722	-3.33576	NaN	-2.69228
46.2	-3.34847	NaN	-3.34696	-3.33576	NaN	-2.69165
46.3	-3.34847	NaN	-3.34671	-3.33576	NaN	-2.69102
46.4	-3.34847	NaN	-3.34646	-3.33576	NaN	-2.69039
46.5	-3.34847	NaN	-3.3462	-3.33576	NaN	-2.68975
46.6	-3.34847	NaN	-3.34596	-3.33576	NaN	-2.68913
46.7	-3.34847	NaN	-3.34572	-3.33576	NaN	-2.68851
46.8	-3.34847	NaN	-3.34547	-3.33576	NaN	-2.68788
46.9	-3.34847	NaN	-3.34523	-3.33576	NaN	-2.68726
47	-3.34847	NaN	-3.345	-3.33576	NaN	-2.68664
47.1	-3.34847	NaN	-3.34476	-3.33576	NaN	-2.68603
47.2	-3.34847	NaN	-3.34453	-3.33576	NaN	-2.68541
47.3	-3.34847	NaN	-3.34431	-3.33576	NaN	-2.6848
47.4	-3.34847	NaN	-3.34407	-3.33576	NaN	-2.68419
47.5	-3.34847	NaN	-3.34385	-3.33576	NaN	-2.68358
47.6	-3.34847	NaN	-3.34363	-3.33576	NaN	-2.68297
47.7	-3.34847	NaN	-3.34342	-3.33576	NaN	-2.68236
47.8	-3.34847	NaN	-3.3432	-3.33576	NaN	-2.68175
47.9	-3.34847	NaN	-3.34298	-3.33576	NaN	-2.68115
48	-3.34847	NaN	-3.34277	-3.33576	NaN	-2.68055
48.1	-3.34847	NaN	-3.34256	-3.33576	NaN	-2.67995
48.2	-3.34847	NaN	-3.34235	-3.33576	NaN	-2.67935
48.3	-3.34847	NaN	-3.34214	-3.33576	NaN	-2.67876
48.4	-3.34847	NaN	-3.34194	-3.33576	NaN	-2.67816
48.5	-3.34847	NaN	-3.34174	-3.33576	NaN	-2.67757
48.6	-3.34847	NaN	-3.34154	-3.33576	NaN	-2.67697
48.7	-3.34847	NaN	-3.34134	-3.33576	NaN	-2.67638
48.8	-3.34847	NaN	-3.34115	-3.33576	NaN	-2.67579
48.9	-3.34847	NaN	-3.34095	-3.33576	NaN	-2.67521
49	-3.34847	NaN	-3.34076	-3.33576	NaN	-2.67462
49.1	-3.34847	NaN	-3.34057	-3.33576	NaN	-2.67403
49.2	-3.34847	NaN	-3.34038	-3.33576	NaN	-2.67345
49.3	-3.34847	NaN	-3.3402	-3.33576	NaN	-2.67287
49.4	-3.34847	NaN	-3.34001	-3.33576	NaN	-2.67229
49.5	-3.34847	NaN	-3.33984	-3.33576	NaN	-2.67171
49.6	-3.34847	NaN	-3.33966	-3.33576	NaN	-2.67113
49.7	-3.34847	NaN	-3.33948	-3.33576	NaN	-2.67055
49.8	-3.34847	NaN	-3.3393	-3.33576	NaN	-2.66997
49.9	-3.34847	NaN	-3.33913	-3.33576	NaN	-2.6694
50	-3.34847	NaN	-3.33895	-3.33576	NaN	-2.66883
50.1	-3.34847	NaN	-3.33878	-3.33576	NaN	-2.66826
50.2	-3.34847	NaN	-3.33862	-3.33576	NaN	-2.66769
50.3	-3.34847	NaN	-3.33845	-3.33576	NaN	-2.66712
50.4	-3.34847	NaN	-3.33828	-3.33576	NaN	-2.66655
50.5	-3.34847	NaN	-3.33812	-3.33576	NaN	-2.66599
50.6	-3.34847	NaN	-3.33797	-3.33576	NaN	-2.66542
50.7	-3.34847	NaN	-3.33781	-3.33576	NaN	-2.66485
50.8	-3.34847	NaN	-3.33765	-3.33576	NaN	-2.66429
50.9	-3.34847	NaN	-3.33749	-3.33576	NaN	-2.66373
51	-3.34847	NaN	-3.33734	-3.33576	NaN	-2.66317
51.1	-3.34847	NaN	-3.33718	-3.33576	NaN	-2.66261
51.2	-3.34847	NaN	-3.33704	-3.33576	NaN	-2.66206
51.3	-3.34847	NaN	-3.33688	-3.33576	NaN	-2.6615
51.4	-3.34847	NaN	-3.33674	-3.33576	NaN	-2.66094
51.5	-3.34847	NaN	-3.3366	-3.33576	NaN	-2.66039
51.6	-3.34847	NaN	-3.33645	-3.33576	NaN	-2.65984
51.7	-3.34847	NaN	-3.33631	-3.33576	NaN	-2.65928
51.8	-3.34847	NaN	-3.33616	-3.33576	NaN	-2.65873
51.9	-3.34847	NaN	-3.33603	-3.33576	NaN	-2.65818
52	-3.34847	NaN	-3.33589	-3.33576	NaN	-2.65763
52.1	-3.34847	NaN	-3.33574	-3.33576	NaN	-2.65708
52.2	-3.34847	NaN	-3.33561	-3.33576	NaN	-2.65654
52.3	-3.34847	NaN	-3.33547	-3.33576	NaN	-2.65599
52.4	-3.34847	NaN	-3.33535	-3.33576	NaN	-2.65545
52.5	-3.34847	NaN	-3.33521	-3.33576	NaN	-2.6549
52.6	-3.34847	NaN	-3.33508	-3.33576	NaN	-2.65436
52.7	-3.34847	NaN	-3.33496	-3.33576	NaN	-2.65382
52.8	-3.34847	NaN	-3.33483	-3.33576	NaN	-2.65328
52.9	-3.34847	NaN	-3.33472	-3.33576	NaN	-2.65274
53	-3.34847	NaN	-3.33459	-3.33576	NaN	-2.6522
53.1	-3.34847	NaN	-3.33446	-3.33576	NaN	-2.65166
53.2	-3.34847	NaN	-3.33434	-3.33576	NaN	-2.65113
53.3	-3.34847	NaN	-3.33422	-3.33576	NaN	-2.65059
53.4	-3.34847	NaN	-3.3341	-3.33576	NaN	-2.65005
53.5	-3.34847	NaN	-3.33399	-3.33576	NaN	-2.64952
53.6	-3.34847	NaN	-3.33387	-3.33576	NaN	-2.64899
53.7	-3.34847	NaN	-3.33375	-3.33576	NaN	-2.64846
53.8	-3.34847	NaN	-3.33364	-3.33576	NaN	-2.64792
53.9	-3.34847	NaN	-3.33353	-3.33576	NaN	-2.64739
54	-3.34847	NaN	-3.33342	-3.33576	NaN	-2.64686
54.1	-3.34847	NaN	-3.33331	-3.33576	NaN	-2.64634
54.2	-3.34847	NaN	-3.3332	-3.33576	NaN	-2.64581
54.3	-3.34847	NaN	-3.3331	-3.33576	NaN	-2.64528
54.4	-3.34847	NaN	-3.33299	-3.33576	NaN	-2.64475
54.5	-3.34847	NaN	-3.33289	-3.33576	NaN	-2.64423
54.6	-3.34847	NaN	-3.33279	-3.33576	NaN	-2.6437
54.7	-3.34847	NaN	-3.33268	-3.33576	NaN	-2.64318
54.8	-3.34847	NaN	-3.33258	-3.33576	NaN	-2.64266
54.9	-3.34847	NaN	-3.33249	-3.33576	NaN	-2.64214
55	-3.34847	NaN	-3.33238	-3.33576	NaN	-2.64162
55.1	-3.34847	NaN	-3.33229	-3.33576	NaN	-2.6411
55.2	-3.34847	NaN	-3.33219	-3.33576	NaN	-2.64057
55.3	-3.34847	NaN	-3.33209	-3.33576	NaN	-2.64006
55.4	-3.34847	NaN	-3.33201	-3.33576	NaN	-2.63954
55.5	-3.34847	NaN	-3.33191	-3.33576	NaN	-2.63902
55.6	-3.34847	NaN	-3.33182	-3.33576	NaN	-2.6385
55.7	-3.34847	NaN	-3.33172	-3.33576	NaN	-2.63799
55.8	-3.34847	NaN	-3.33164	-3.33576	NaN	-2.63747
55.9	-3.34847	NaN	-3.33155	-3.33576	NaN	-2.63696
56	-3.34847	NaN	-3.33146	-3.33576	NaN	-2.63644
56.1	-3.34847	NaN	-3.33138	-3.33576	NaN	-2.63593
56.2	-3.34847	NaN	-3.33129	-3.33576	NaN	-2.63542
56.3	-3.34847	NaN	-3.33121	-3.33576	NaN	-2.6349
56.4	-3.34847	NaN	-3.33113	-3.33576	NaN	-2.63439
56.5	-3.34847	NaN	-3.33104	-3.33576	NaN	-2.63388
56.6	-3.34847	NaN	-3.33097	-3.33576	NaN	-2.63338
56.7	-3.34847	NaN	-3.33089	-3.33576	NaN	-2.63287
56.8	-3.34847	NaN	-3.33082	-3.33576	NaN	-2.63236
56.9	-3.34847	NaN	-3.33073	-3.33576	NaN	-2.63185
57	-3.34847	NaN	-3.33065	-3.33576	NaN	-2.63134
57.1	-3.34847	NaN	-3.33058	-3.33576	NaN	-2.63083
57.2	-3.34847	NaN	-3.3305	-3.33576	NaN	-2.63033
57.3	-3.34847	NaN	-3.33043	-3.33576	NaN	-2.62982
57.4	-3.34847	NaN	-3.33035	-3.33576	NaN	-2.62932
57.5	-3.34847	NaN	-3.33027	-3.33576	NaN	-2.62882
57.6	-3.34847	NaN	-3.33021	-3.33576	NaN	-2.62831
57.7	-3.34847	NaN	-3.33014	-3.33576	NaN	-2.62781
57.8	-3.34847	NaN	-3.33007	-3.33576	NaN	-2.62731
57.9	-3.34847	NaN	-3.33	-3.33576	NaN	-2.62681
58	-3.34847	NaN	-3.32993	-3.33576	NaN	-2.62631
58.1	-3.34847	NaN	-3.32985	-3.33576	NaN	-2.6258
58.2	-3.34847	NaN	-3.32979	-3.33576	NaN	-2.6253
58.3	-3.34847	NaN	-3.32973	-3.33576	NaN	-2.62481
58.4	-3.34847	NaN	-3.32967	-3.33576	NaN	-2.62431
58.5	-3.34847	NaN	-3.3296	-3.33576	NaN	-2.62381
58.6	-3.34847	NaN	-3.32953	-3.33576	NaN	-2.62331
58.7	-3.34847	NaN	-3.32948	-3.33576	NaN	-2.62281
58.8	-3.34847	NaN	-3.32941	-3.33576	NaN	-2.62231
58.9	-3.34847	NaN	-3.32935	-3.33576	NaN	-2.62182
59	-3.34847	NaN	-3.3293	-3.33576	NaN	-2.62132
59.1	-3.34847	NaN	-3.32923	-3.33576	NaN	-2.62083
59.2	-3.34847	NaN	-3.32917	-3.33576	NaN	-2.62034
59.3	-3.34847	NaN	-3.32911	-3.33576	NaN	-2.61984
59.4	-3.34847	NaN	-3.32906	-3.33576	NaN	-2.61934
59.5	-3.34847	NaN	-3.329	-3.33576	NaN	-2.61885
59.6	-3.34847	NaN	-3.32896	-3.33576	NaN	-2.61836
59.7	-3.34847	NaN	-3.3289	-3.33576	NaN	-2.61787
59.8	-3.34847	NaN	-3.32884	-3.33576	NaN	-2.61738
59.9	-3.34847	NaN	-3.32879	-3.33576	NaN	-2.61689
60	-3.34847	NaN	-3.32874	-3.33576	NaN	-2.61639
60.1	-3.34847	NaN	-3.32869	-3.33576	NaN	-2.61591
60.2	-3.34847	NaN	-3.32863	-3.33576	NaN	-2.61542
60.3	-3.34847	NaN	-3.32858	-3.33576	NaN	-2.61492
60.4	-3.34847	NaN	-3.32854	-3.33576	NaN	-2.61444
60.5	-3.34847	NaN	-3.3285	-3.33576	NaN	-2.61395
60.6	-3.34847	NaN	-3.32844	-3.33576	NaN	-2.61346
60.7	-3.34847	NaN	-3.32839	-3.33576	NaN	-2.61297
60.8	-3.34847	NaN	-3.32835	-3.33576	NaN	-2.61249
60.9	-3.34847	NaN	-3.3283	-3.33576	NaN	-2.612
61	-3.34847	NaN	-3.32826	-3.33576	NaN	-2.61151
61.1	-3.34847	NaN	-3.32821	-3.33576	NaN	-2.61103
61.2	-3.34847	NaN	-3.32817	-3.33576	NaN	-2.61054
61.3	-3.34847	NaN	-3.32813	-3.33576	NaN	-2.61005
61.4	-3.34847	NaN	-3.32808	-3.33576	NaN	-2.60957
61.5	-3.34847	NaN	-3.32804	-3.33576	NaN	-2.60909
61.6	-3.34847	NaN	-3.328	-3.33576	NaN	-2.6086
61.7	-3.34847	NaN	-3.32795	-3.33576	NaN	-2.60812
61.8	-3.34847	NaN	-3.32792	-3.33576	NaN	-2.60763
61.9	-3.34847	NaN	-3.32788	-3.33576	NaN	-2.60715
62	-3.34847	NaN	-3.32784	-3.33576	NaN	-2.60667
62.1	-3.34847	NaN	-3.3278	-3.33576	NaN	-2.60619
62.2	-3.34847	NaN	-3.32776	-3.33576	NaN	-2.6057
62.3	-3.34847	NaN	-3.32773	-3.33576	NaN	-2.60522
62.4	-3.34847	NaN	-3.32769	-3.33576	NaN	-2.60474
62.5	-3.34847	NaN	-3.32765	-3.33576	NaN	-2.60426
62.6	-3.34847	NaN	-3.32761	-3.33576	NaN	-2.60378
62.7	-3.34847	NaN	-3.32758	-3.33576	NaN	-2.6033
62.8	-3.34847	NaN	-3.32755	-3.33576	NaN	-2.60282
62.9	-3.34847	NaN	-3.32751	-3.33576	NaN	-2.60234
63	-3.34847	NaN	-3.32749	-3.33576	NaN	-2.60186
63.1	-3.34847	NaN	-3.32745	-3.33576	NaN	-2.60138
63.2	-3.34847	NaN	-3.32741	-3.33576	NaN	-2.6009
63.3	-3.34847	NaN	-3.32738	-3.33576	NaN	-2.60043
63.4	-3.34847	NaN	-3.32735	-3.33576	NaN	-2.59995
63.5	-3.34847	NaN	-3.32731	-3.33576	NaN	-2.59947
63.6	-3.34847	NaN	-3.32728	-3.33576	NaN	-2.599
63.7	-3.34847	NaN	-3.32725	-3.33576	NaN	-2.59852
63.8	-3.34847	NaN	-3.32723	-3.33576	NaN	-2.59804
63.9	-3.34847	NaN	-3.3272	-3.33576	NaN	-2.59757
64	-3.34847	NaN	-3.32717	-3.33576	NaN	-2.59709
64.1	-3.34847	NaN	-3.32715	-3.33576	NaN	-2.59661
64.2	-3.34847	NaN	-3.32711	-3.33576	NaN	-2.59614
64.3	-3.34847	NaN	-3.3271	-3.33576	NaN	-2.59566
64.4	-3.34847	NaN	-3.32706	-3.33576	NaN	-2.59519
64.5	-3.34847	NaN	-3.32704	-3.33576	NaN	-2.59471
64.6	-3.34847	NaN	-3.32701	-3.33576	NaN	-2.59424
64.7	-3.34847	NaN	-3.32699	-3.33576	NaN	-2.59377
64.8	-3.34847	NaN	-3.32697	-3.33576	NaN	-2.59329
64.9	-3.34847	NaN	-3.32694	-3.33576	NaN	-2.59282
65	-3.34847	NaN	-3.32693	-3.33576	NaN	-2.59235
65.1	-3.34847	NaN	-3.3269	-3.33576	NaN	-2.59187
65.2	-3.34847	NaN	-3.32687	-3.33576	NaN	-2.59141
65.3	-3.34847	NaN	-3.32686	-3.33576	NaN	-2.59093
65.4	-3.34847	NaN	-3.32683	-3.33576	NaN	-2.59046
65.5	-3.34847	NaN	-3.32681	-3.33576	NaN	-2.58999
65.6	-3.34847	NaN	-3.32678	-3.33576	NaN	-2.58951
65.7	-3.34847	NaN	-3.32677	-3.33576	NaN	-2.58904
65.8	-3.34847	NaN	-3.32675	-3.33576	NaN	-2.58857
65.9	-3.34847	NaN	-3.32673	-3.33576	NaN	-2.5881
66	-3.34847	NaN	-3.3267	-3.33576	NaN	-2.58763
66.1	-3.34847	NaN	-3.32669	-3.33576	NaN	-2.58716
66.2	-3.34847	NaN	-3.32666	-3.33576	NaN	-2.58669
66.3	-3.34847	NaN	-3.32664	-3.33576	NaN	-2.58622
66.4	-3.34847	NaN	-3.32663	-3.33576	NaN	-2.58575
66.5	-3.34847	NaN	-3.32662	-3.33576	NaN	-2.58528
66.6	-3.34847	NaN	-3.32659	-3.33576	NaN	-2.58481
66.7	-3.34847	NaN	-3.32657	-3.33576	NaN	-2.58435
66.8	-3.34847	NaN	-3.32657	-3.33576	NaN	-2.58387
66.9	-3.34847	NaN	-3.32654	-3.33576	NaN	-2.58341
67	-3.34847	NaN	-3.32652	-3.33576	NaN	-2.58293
67.1	-3.34847	NaN	-3.32652	-3.33576	NaN	-2.58247
67.2	-3.34847	NaN	-3.32649	-3.33576	NaN	-2.582
67.3	-3.34847	NaN	-3.32649	-3.33576	NaN	-2.58153
67.4	-3.34847	NaN	-3.32648	-3.33576	NaN	-2.58107
67.5	-3.34847	NaN	-3.32646	-3.33576	NaN	-2.5806
67.6	-3.34847	NaN	-3.32646	-3.33576	NaN	-2.58013
67.7	-3.34847	NaN	-3.32644	-3.33576	NaN	-2.57966
67.8	-3.34847	NaN	-3.32643	-3.33576	NaN	-2.5792
67.9	-3.34847	NaN	-3.32641	-3.33576	NaN	-2.57873
68	-3.34847	NaN	-3.32639	-3.33576	NaN	-2.57826
68.1	-3.34847	NaN	-3.32639	-3.33576	NaN	-2.5778
68.2	-3.34847	NaN	-3.32637	-3.33576	NaN	-2.57734
68.3	-3.34847	NaN	-3.32635	-3.33576	NaN	-2.57687
68.4	-3.34847	NaN	-3.32634	-3.33576	NaN	-2.5764
68.5	-3.34847	NaN	-3.32633	-3.33576	NaN	-2.57594
68.6	-3.34847	NaN	-3.32633	-3.33576	NaN	-2.57547
68.7	-3.34847	NaN	-3.32633	-3.33576	NaN	-2.575
68.8	-3.34847	NaN	-3.32631	-3.33576	NaN	-2.57454
68.9	-3.34847	NaN	-3.3263	-3.33576	NaN	-2.57408
69	-3.34847	NaN	-3.3263	-3.33576	NaN	-2.57361
69.1	-3.34847	NaN	-3.32629	-3.33576	NaN	-2.57315
69.2	-3.34847	NaN	-3.32629	-3.33576	NaN	-2.57269
69.3	-3.34847	NaN	-3.32627	-3.33576	NaN	-2.57222
69.4	-3.34847	NaN	-3.32627	-3.33576	NaN	-2.57176
69.5	-3.34847	NaN	-3.32626	-3.33576	NaN	-2.5713
69.6	-3.34847	NaN	-3.32625	-3.33576	NaN	-2.57083
69.7	-3.34847	NaN	-3.32623	-3.33576	NaN	-2.57037
69.8	-3.34847	NaN	-3.32624	-3.33576	NaN	-2.5699
69.9	-3.34847	NaN	-3.32624	-3.33576	NaN	-2.56944
70	-3.34847	NaN	-3.32623	-3.33576	NaN	-2.56898
70.1	-3.34847	NaN	-3.32622	-3.33576	NaN	-2.56852
70.2	-3.34847	NaN	-3.32622	-3.33576	NaN	-2.56805
70.3	-3.34847	NaN	-3.32621	-3.33576	NaN	-2.56759
70.4	-3.34847	NaN	-3.32621	-3.33576	NaN	-2.56713
70.5	-3.34847	NaN	-3.3262	-3.33576	NaN	-2.56667
70.6	-3.34847	NaN	-3.3262	-3.33576	NaN	-2.5662
70.7	-3.34847	NaN	-3.32619	-3.33576	NaN	-2.56574
70.8	-3.34847	NaN	-3.32619	-3.33576	NaN	-2.56528
70.9	-3.34847	NaN	-3.32619	-3.33576	NaN	-2.56482
71	-3.34847	NaN	-3.32617	-3.33576	NaN	-2.56436
71.1	-3.34847	NaN	-3.32616	-3.33576	NaN	-2.5639
71.2	-3.34847	NaN	-3.32615	-3.33576	NaN	-2.56343
71.3	-3.34847	NaN	-3.32617	-3.33576	NaN	-2.56298
71.4	-3.34847	NaN	-3.32617	-3.33576	NaN	-2.56252
71.5	-3.34847	NaN	-3.32617	-3.33576	NaN	-2.56205
71.6	-3.34847	NaN	-3.32617	-3.33576	NaN	-2.56159
71.7	-3.34847	NaN	-3.32616	-3.33576	NaN	-2.56113
71.8	-3.34847	NaN	-3.32616	-3.33576	NaN	-2.56067
71.9	-3.34847	NaN	-3.32616	-3.33576	NaN	-2.56021
72	-3.34847	NaN	-3.32616	-3.33576	NaN	-2.55975
72.1	-3.34847	NaN	-3.32614	-3.33576	NaN	-2.55929
72.2	-3.34847	NaN	-3.32615	-3.33576	NaN	-2.55884
72.3	-3.34847	NaN	-3.32616	-3.33576	NaN	-2.55837
72.4	-3.34847	NaN	-3.32615	-3.33576	NaN	-2.55792
72.5	-3.34847	NaN	-3.32616	-3.33576	NaN	-2.55745
72.6	-3.34847	NaN	-3.32615	-3.33576	NaN	-2.557
72.7	-3.34847	NaN	-3.32615	-3.33576	NaN	-2.55654
72.8	-3.34847	NaN	-3.32616	-3.33576	NaN	-2.55608
72.9	-3.34847	NaN	-3.32616	-3.33576	NaN	-2.55562
73	-3.34847	NaN	-3.32616	-3.33576	NaN	-2.55516
73.1	-3.34847	NaN	-3.32616	-3.33576	NaN	-2.5547
73.2	-3.34847	NaN	-3.32616	-3.33576	NaN	-2.55424
73.3	-3.34847	NaN	-3.32615	-3.33576	NaN	-2.55378
73.4	-3.34847	NaN	-3.32616	-3.33576	NaN	-2.55332
73.5	-3.34847	NaN	-3.32616	-3.33576	NaN	-2.55287
73.6	-3.34847	NaN	-3.32616	-3.33576	NaN	-2.55241
73.7	-3.34847	NaN	-3.32617	-3.33576	NaN	-2.55195
73.8	-3.34847	NaN	-3.32617	-3.33576	NaN	-2.55149
73.9	-3.34847	NaN	-3.32618	-3.33576	NaN	-2.55103
74	-3.34847	NaN	-3.32618	-3.33576	NaN	-2.55058
74.1	-3.34847	NaN	-3.32618	-3.33576	NaN	-2.55012
74.2	-3.34847	NaN	-3.32618	-3.33576	NaN	-2.54966
74.3	-3.34847	NaN	-3.32619	-3.33576	NaN	-2.54921
74.4	-3.34847	NaN	-3.32619	-3.33576	NaN	-2.54875
74.5	-3.34847	NaN	-3.3262	-3.33576	NaN	-2.54829
74.6	-3.34847	NaN	-3.32619	-3.33576	NaN	-2.54784
74.7	-3.34847	NaN	-3.3262	-3.33576	NaN	-2.54738
74.8	-3.34847	NaN	-3.3262	-3.33576	NaN	-2.54693
74.9	-3.34847	NaN	-3.3262	-3.33576	NaN	-2.54647
75	-3.34847	NaN	-3.32621	-3.33576	NaN	-2.54601
75.1	-3.34847	NaN	-3.32622	-3.33576	NaN	-2.54555
75.2	-3.34847	NaN	-3.32622	-3.33576	NaN	-2.54509
75.3	-3.34847	NaN	-3.32622	-3.33576	NaN	-2.54464
75.4	-3.34847	NaN	-3.32623	-3.33576	NaN	-2.54418
75.5	-3.34847	NaN	-3.32624	-3.33576	NaN	-2.54373
75.6	-3.34847	NaN	-3.32624	-3.33576	NaN	-2.54327
75.7	-3.34847	NaN	-3.32624	-3.33576	NaN	-2.54281
75.8	-3.34847	NaN	-3.32625	-3.33576	NaN	-2.54236
75.9	-3.34847	NaN	-3.32625	-3.33576	NaN	-2.54191
76	-3.34847	NaN	-3.32626	-3.33576	NaN	-2.54145
76.1	-3.34847	NaN	-3.32627	-3.33576	NaN	-2.54099
76.2	-3.34847	NaN	-3.32627	-3.33576	NaN	-2.54054
76.3	-3.34847	NaN	-3.32628	-3.33576	NaN	-2.54008
76.4	-3.34847	NaN	-3.32629	-3.33576	NaN	-2.53963
76.5	-3.34847	NaN	-3.32629	-3.33576	NaN	-2.53917
76.6	-3.34847	NaN	-3.32629	-3.33576	NaN	-2.53872
76.7	-3.34847	NaN	-3.32631	-3.33576	NaN	-2.53827
76.8	-3.34847	NaN	-3.32631	-3.33576	NaN	-2.53781
76.9	-3.34847	NaN	-3.32631	-3.33576	NaN	-2.53735
77	-3.34847	NaN	-3.32632	-3.33576	NaN	-2.5369
77.1	-3.34847	NaN	-3.32633	-3.33576	NaN	-2.53645
77.2	-3.34847	NaN	-3.32634	-3.33576	NaN	-2.53599
77.3	-3.34847	NaN	-3.32635	-3.33576	NaN	-2.53554
77.4	-3.34847	NaN	-3.32635	-3.33576	NaN	-2.53508
77.5	-3.34847	NaN	-3.32636	-3.33576	NaN	-2.53462
77.6	-3.34847	NaN	-3.32636	-3.33576	NaN	-2.53417
77.7	-3.34847	NaN	-3.32638	-3.33576	NaN	-2.53372
77.8	-3.34847	NaN	-3.32637	-3.33576	NaN	-2.53326
77.9	-3.34847	NaN	-3.32639	-3.33576	NaN	-2.53281
78	-3.34847	NaN	-3.3264	-3.33576	NaN	-2.53236
78.1	-3.34847	NaN	-3.32641	-3.33576	NaN	-2.5319
78.2	-3.34847	NaN	-3.32641	-3.33576	NaN	-2.53145
78.3	-3.34847	NaN	-3.32642	-3.33576	NaN	-2.53099
78.4	-3.34847	NaN	-3.32643	-3.33576	NaN	-2.53054
78.5	-3.34847	NaN	-3.32644	-3.33576	NaN	-2.53009
78.6	-3.34847	NaN	-3.32644	-3.33576	NaN	-2.52964
78.7	-3.34847	NaN	-3.32646	-3.33576	NaN	-2.52918
78.8	-3.34847	NaN	-3.32647	-3.33576	NaN	-2.52873
78.9	-3.34847	NaN	-3.32647	-3.33576	NaN	-2.52828
79	-3.34847	NaN	-3.32649	-3.33576	NaN	-2.52782
79.1	-3.34847	NaN	-3.32649	-3.33576	NaN	-2.52737
79.2	-3.34847	NaN	-3.32652	-3.33576	NaN	-2.52692
79.3	-3.34847	NaN	-3.32651	-3.33576	NaN	-2.52647
79.4	-3.34847	NaN	-3.32653	-3.33576	NaN	-2.52601
79.5	-3.34847	NaN	-3.32653	-3.33576	NaN	-2.52556
79.6	-3.34847	NaN	-3.32654	-3.33576	NaN	-2.52511
79.7	-3.34847	NaN	-3.32655	-3.33576	NaN	-2.52466
79.8	-3.34847	NaN	-3.32656	-3.33576	NaN	-2.52421
79.9	-3.34847	NaN	-3.32657	-3.33576	NaN	-2.52376
80	-3.34847	NaN	-3.32658	-3.33576	NaN	-2.5233
80.1	-3.34847	NaN	-3.32658	-3.33576	NaN	-2.52285
80.2	-3.34847	NaN	-3.3266	-3.33576	NaN	-2.5224
80.3	-3.34847	NaN	-3.32661	-3.33576	NaN	-2.52194
80.4	-3.34847	NaN	-3.32662	-3.33576	NaN	-2.52149
80.5	-3.34847	NaN	-3.32665	-3.33576	NaN	-2.52104
80.6	-3.34847	NaN	-3.32666	-3.33576	NaN	-2.52059
80.7	-3.34847	NaN	-3.32666	-3.33576	NaN	-2.52014
80.8	-3.34847	NaN	-3.32667	-3.33576	NaN	-2.51969
80.9	-3.34847	NaN	-3.32668	-3.33576	NaN	-2.51923
81	-3.34847	NaN	-3.32669	-3.33576	NaN	-2.51879
81.1	-3.34847	NaN	-3.32671	-3.33576	NaN	-2.51833
81.2	-3.34847	NaN	-3.32671	-3.33576	NaN	-2.51788
81.3	-3.34847	NaN	-3.32671	-3.33576	NaN	-2.51743
81.4	-3.34847	NaN	-3.32673	-3.33576	NaN	-2.51698
81.5	-3.34847	NaN	-3.32674	-3.33576	NaN	-2.51653
81.6	-3.34847	NaN	-3.32675	-3.33576	NaN	-2.51608
81.7	-3.34847	NaN	-3.32676	-3.33576	NaN	-2.51563
81.8	-3.34847	NaN	-3.32679	-3.33576	NaN	-2.51518
81.9	-3.34847	NaN	-3.3268	-3.33576	NaN	-2.51473
82	-3.34847	NaN	-3.3268	-3.33576	NaN	-2.51428
82.1	-3.34847	NaN	-3.32681	-3.33576	NaN	-2.51383
82.2	-3.34847	NaN	-3.32682	-3.33576	NaN	-2.51337
82.3	-3.34847	NaN	-3.32685	-3.33576	NaN	-2.51293
82.4	-3.34847	NaN	-3.32684	-3.33576	NaN	-2.51248
82.5	-3.34847	NaN	-3.32686	-3.33576	NaN	-2.51203
82.6	-3.34847	NaN	-3.32686	-3.33576	NaN	-2.51157
82.7	-3.34847	NaN	-3.32687	-3.33576	NaN	-2.51113
82.8	-3.34847	NaN	-3.32689	-3.33576	NaN	-2.51068
82.9	-3.34847	NaN	-3.32692	-3.33576	NaN	-2.51023
83	-3.34847	NaN	-3.32693	-3.33576	NaN	-2.50978
83.1	-3.34847	NaN	-3.32695	-3.33576	NaN	-2.50933
83.2	-3.34847	NaN	-3.32695	-3.33576	NaN	-2.50888
83.3	-3.34847	NaN	-3.32696	-3.33576	NaN	-2.50843
83.4	-3.34847	NaN	-3.32699	-3.33576	NaN	-2.50798
83.5	-3.34847	NaN	-3.32699	-3.33576	NaN	-2.50753
83.6	-3.34847	NaN	-3.32699	-3.33576	NaN	-2.50708
83.7	-3.34847	NaN	-3.32702	-3.33576	NaN	-2.50663
83.8	-3.34847	NaN	-3.32704	-3.33576	NaN	-2.50618
83.9	-3.34847	NaN	-3.32703	-3.33576	NaN	-2.50573
84	-3.34847	NaN	-3.32704	-3.33576	NaN	-2.50528
84.1	-3.34847	NaN	-3.32705	-3.33576	NaN	-2.50484
84.2	-3.34847	NaN	-3.32708	-3.33576	NaN	-2.50439
84.3	-3.34847	NaN	-3.32709	-3.33576	NaN	-2.50394
84.4	-3.34847	NaN	-3.32711	-3.33576	NaN	-2.50349
84.5	-3.34847	NaN	-3.32711	-3.33576	NaN	-2.50304
84.6	-3.34847	NaN	-3.32714	-3.33576	NaN	-2.50259
84.7	-3.34847	NaN	-3.32714	-3.33576	NaN	-2.50214
84.8	-3.34847	NaN	-3.32715	-3.33576	NaN	-2.5017
84.9	-3.34847	NaN	-3.32717	-3.33576	NaN	-2.50125
85	-3.34847	NaN	-3.32719	-3.33576	NaN	-2.5008
85.1	-3.34847	NaN	-3.32719	-3.33576	NaN	-2.50035
85.2	-3.34847	NaN	-3.32721	-3.33576	NaN	-2.4999
85.3	-3.34847	NaN	-3.32721	-3.33576	NaN	-2.49946
85.4	-3.34847	NaN	-3.32723	-3.33576	NaN	-2.49901
85.5	-3.34847	NaN	-3.32725	-3.33576	NaN	-2.49856
85.6	-3.34847	NaN	-3.32725	-3.33576	NaN	-2.49812
85.7	-3.34847	NaN	-3.32728	-3.33576	NaN	-2.49767
85.8	-3.34847	NaN	-3.32729	-3.33576	NaN	-2.49722
85.9	-3.34847	NaN	-3.32731	-3.33576	NaN	-2.49678
86	-3.34847	NaN	-3.32731	-3.33576	NaN	-2.49633
86.1	-3.34847	NaN	-3.32732	-3.33576	NaN	-2.49588
86.2	-3.34847	NaN	-3.32734	-3.33576	NaN	-2.49543
86.3	-3.34847	NaN	-3.32734	-3.33576	NaN	-2.49499
86.4	-3.34847	NaN	-3.32736	-3.33576	NaN	-2.49454
86.5	-3.34847	NaN	-3.32738	-3.33576	NaN	-2.4941
86.6	-3.34847	NaN	-3.3274	-3.33576	NaN	-2.49365
86.7	-3.34847	NaN	-3.32742	-3.33576	NaN	-2.4932
86.8	-3.34847	NaN	-3.32742	-3.33576	NaN	-2.49276
86.9	-3.34847	NaN	-3.32744	-3.33576	NaN	-2.49231
87	-3.34847	NaN	-3.32745	-3.33576	NaN	-2.49186
87.1	-3.34847	NaN	-3.32745	-3.33576	NaN	-2.49142
87.2	-3.34847	NaN	-3.32748	-3.33576	NaN	-2.49097
87.3	-3.34847	NaN	-3.32749	-3.33576	NaN	-2.49052
87.4	-3.34847	NaN	-3.32751	-3.33576	NaN	-2.49008
87.5	-3.34847	NaN	-3.32752	-3.33576	NaN	-2.48963
87.6	-3.34847	NaN	-3.32753	-3.33576	NaN	-2.48919
87.7	-3.34847	NaN	-3.32755	-3.33576	NaN	-2.48874
87.8	-3.34847	NaN	-3.32756	-3.33576	NaN	-2.4883
87.9	-3.34847	NaN	-3.32758	-3.33576	NaN	-2.48785
88	-3.34847	NaN	-3.32759	-3.33576	NaN	-2.4874
88.1	-3.34847	NaN	-3.32761	-3.33576	NaN	-2.48696
88.2	-3.34847	NaN	-3.32762	-3.33576	NaN	-2.48652
88.3	-3.34847	NaN	-3.32763	-3.33576	NaN	-2.48607
88.4	-3.34847	NaN	-3.32763	-3.33576	NaN	-2.48563
88.5	-3.34847	NaN	-3.32765	-3.33576	NaN	-2.48518
88.6	-3.34847	NaN	-3.32767	-3.33576	NaN	-2.48474
88.7	-3.34847	NaN	-3.32768	-3.33576	NaN	-2.48429
88.8	-3.34847	NaN	-3.3277	-3.33576	NaN	-2.48385
88.9	-3.34847	NaN	-3.32771	-3.33576	NaN	-2.4834
89	-3.34847	NaN	-3.32773	-3.33576	NaN	-2.48296
89.1	-3.34847	NaN	-3.32773	-3.33576	NaN	-2.48251
89.2	-3.34847	NaN	-3.32775	-3.33576	NaN	-2.48207
89.3	-3.34847	NaN	-3.32777	-3.33576	NaN	-2.48163
89.4	-3.34847	NaN	-3.32778	-3.33576	NaN	-2.48118
89.5	-3.34847	NaN	-3.32779	-3.33576	NaN	-2.48074
89.6	-3.34847	NaN	-3.3278	-3.33576	NaN	-2.4803
89.7	-3.34847	NaN	-3.32782	-3.33576	NaN	-2.47985
89.8	-3.34847	NaN	-3.32783	-3.33576	NaN	-2.47941
89.9	-3.34847	NaN	-3.32785	-3.33576	NaN	-2.47897
90	-3.34847	NaN	-3.32787	-3.33576	NaN	-2.47852
90.1	-3.34847	NaN	-3.32787	-3.33576	NaN	-2.47808
90.2	-3.34847	NaN	-3.32789	-3.33576	NaN	-2.47764
90.3	-3.34847	NaN	-3.3279	-3.33576	NaN	-2.47719
90.4	-3.34847	NaN	-3.32791	-3.33576	NaN	-2.47675
90.5	-3.34847	NaN	-3.32793	-3.33576	NaN	-2.47631
90.6	-3.34847	NaN	-3.32794	-3.33576	NaN	-2.47587
90.7	-3.34847	NaN	-3.32795	-3.33576	NaN	-2.47543
90.8	-3.34847	NaN	-3.32797	-3.33576	NaN	-2.47498
90.9	-3.34847	NaN	-3.32798	-3.33576	NaN	-2.47454
91	-3.34847	NaN	-3.328	-3.33576	NaN	-2.4741
91.1	-3.34847	NaN	-3.328	-3.33576	NaN	-2.47365
91.2	-3.34847	NaN	-3.32803	-3.33576	NaN	-2.47321
91.3	-3.34847	NaN	-3.32803	-3.33576	NaN	-2.47277
91.4	-3.34847	NaN	-3.32805	-3.33576	NaN	-2.47233
91.5	-3.34847	NaN	-3.32807	-3.33576	NaN	-2.47189
91.6	-3.34847	NaN	-3.32808	-3.33576	NaN	-2.47145
91.7	-3.34847	NaN	-3.32809	-3.33576	NaN	-2.47101
91.8	-3.34847	NaN	-3.3281	-3.33576	NaN	-2.47056
91.9	-3.34847	NaN	-3.32812	-3.33576	NaN	-2.47012
92	-3.34847	NaN	-3.32813	-3.33576	NaN	-2.46968
92.1	-3.34847	NaN	-3.32814	-3.33576	NaN	-2.46924
92.2	-3.34847	NaN	-3.32816	-3.33576	NaN	-2.4688
92.3	-3.34847	NaN	-3.32817	-3.33576	NaN	-2.46836
92.4	-3.34847	NaN	-3.32819	-3.33576	NaN	-2.46792
92.5	-3.34847	NaN	-3.32819	-3.33576	NaN	-2.46748
92.6	-3.34847	NaN	-3.32822	-3.33576	NaN	-2.46704
92.7	-3.34847	NaN	-3.32824	-3.33576	NaN	-2.4666
92.8	-3.34847	NaN	-3.32825	-3.33576	NaN	-2.46616
92.9	-3.34847	NaN	-3.32826	-3.33576	NaN	-2.46572
93	-3.34847	NaN	-3.32827	-3.33576	NaN	-2.46528
93.1	-3.34847	NaN	-3.32829	-3.33576	NaN	-2.46484
93.2	-3.34847	NaN	-3.32829	-3.33576	NaN	-2.4644
93.3	-3.34847	NaN	-3.32831	-3.33576	NaN	-2.46396
93.4	-3.34847	NaN	-3.32832	-3.33576	NaN	-2.46352
93.5	-3.34847	NaN	-3.32834	-3.33576	NaN	-2.46308
93.6	-3.34847	NaN	-3.32835	-3.33576	NaN	-2.46264
93.7	-3.34847	NaN	-3.32836	-3.33576	NaN	-2.4622
93.8	-3.34847	NaN	-3.32837	-3.33576	NaN	-2.46176
93.9	-3.34847	NaN	-3.32839	-3.33576	NaN	-2.46133
94	-3.34847	NaN	-3.3284	-3.33576	NaN	-2.46088
94.1	-3.34847	NaN	-3.32843	-3.33576	NaN	-2.46045
94.2	-3.34847	NaN	-3.32844	-3.33576	NaN	-2.46001
94.3	-3.34847	NaN	-3.32845	-3.33576	NaN	-2.45957
94.4	-3.34847	NaN	-3.32846	-3.33576	NaN	-2.45913
94.5	-3.34847	NaN	-3.32849	-3.33576	NaN	-2.45869
94.6	-3.34847	NaN	-3.3285	-3.33576	NaN	-2.45826
94.7	-3.34847	NaN	-3.32853	-3.33576	NaN	-2.45782
94.8	-3.34847	NaN	-3.32853	-3.33576	NaN	-2.45738
94.9	-3.34847	NaN	-3.32853	-3.33576	NaN	-2.45694
95	-3.34847	NaN	-3.32855	-3.33576	NaN	-2.4565
95.1	-3.34847	NaN	-3.32855	-3.33576	NaN	-2.45607
95.2	-3.34847	NaN	-3.32857	-3.33576	NaN	-2.45563
95.3	-3.34847	NaN	-3.3286	-3.33576	NaN	-2.45519
95.4	-3.34847	NaN	-3.3286	-3.33576	NaN	-2.45476
95.5	-3.34847	NaN	-3.32861	-3.33576	NaN	-2.45432
95.6	-3.34847	NaN	-3.32863	-3.33576	NaN	-2.45388
95.7	-3.34847	NaN	-3.32865	-3.33576	NaN	-2.45344
95.8	-3.34847	NaN	-3.32866	-3.33576	NaN	-2.45301
95.9	-3.34847	NaN	-3.32867	-3.33576	NaN	-2.45258
96	-3.34847	NaN	-3.3287	-3.33576	NaN	-2.45214
96.1	-3.34847	NaN	-3.3287	-3.33576	NaN	-2.4517
96.2	-3.34847	NaN	-3.32871	-3.33576	NaN	-2.45127
96.3	-3.34847	NaN	-3.32874	-3.33576	NaN	-2.45083
96.4	-3.34847	NaN	-3.32875	-3.33576	NaN	-2.45039
96.5	-3.34847	NaN	-3.32877	-3.33576	NaN	-2.44996
96.6	-3.34847	NaN	-3.32877	-3.33576	NaN	-2.44953
96.7	-3.34847	NaN	-3.3288	-3.33576	NaN	-2.44909
96.8	-3.34847	NaN	-3.32881	-3.33576	NaN	-2.44866
96.9	-3.34847	NaN	-3.32883	-3.33576	NaN	-2.44822
97	-3.34847	NaN	-3.32884	-3.33576	NaN	-2.44778
97.1	-3.34847	NaN	-3.32885	-3.33576	NaN	-2.44735
97.2	-3.34847	NaN	-3.32885	-3.33576	NaN	-2.44691
97.3	-3.34847	NaN	-3.32886	-3.33576	NaN	-2.44648
97.4	-3.34847	NaN	-3.32889	-3.33576	NaN	-2.44605
97.5	-3.34847	NaN	-3.32889	-3.33576	NaN	-2.44561
97.6	-3.34847	NaN	-3.32892	-3.33576	NaN	-2.44518
97.7	-3.34847	NaN	-3.32892	-3.33576	NaN	-2.44475
97.8	-3.34847	NaN	-3.32893	-3.33576	NaN	-2.44431
97.9	-3.34847	NaN	-3.32896	-3.33576	NaN	-2.44388
98	-3.34847	NaN	-3.32898	-3.33576	NaN	-2.44344
98.1	-3.34847	NaN	-3.32899	-3.33576	NaN	-2.44301
98.2	-3.34847	NaN	-3.329	-3.33576	NaN	-2.44258
98.3	-3.34847	NaN	-3.32902	-3.33576	NaN	-2.44215
98.4	-3.34847	NaN	-3.32902	-3.33576	NaN	-2.44171
98.5	-3.34847	NaN	-3.32904	-3.33576	NaN	-2.44128
98.6	-3.34847	NaN	-3.32905	-3.33576	NaN	-2.44085
98.7	-3.34847	NaN	-3.32907	-3.33576	NaN	-2.44041
98.8	-3.34847	NaN	-3.32909	-3.33576	NaN	-2.43998
98.9	-3.34847	NaN	-3.32909	-3.33576	NaN	-2.43955
99	-3.34847	NaN	-3.32911	-3.33576	NaN	-2.43912
99.1	-3.34846	NaN	-3.32912	-3.33576	NaN	-2.43869
99.2	-3.34846	NaN	-3.32914	-3.33576	NaN	-2.43826
99.3	-3.34846	NaN	-3.32915	-3.33576	NaN	-2.43782
99.4	-3.34846	NaN	-3.32915	-3.33576	NaN	-2.43739
99.5	-3.34846	NaN	-3.32916	-3.33576	NaN	-2.43696
99.6	-3.34846	NaN	-3.32919	-3.33576	NaN	-2.43653
99.7	-3.34846	NaN	-3.32921	-3.33575	NaN	-2.4361
99.8	-3.34845	NaN	-3.32923	-3.33575	NaN	-2.43567
99.9	-3.34845	NaN	-3.32923	-3.33575	NaN	-2.43524
100	-3.34844	NaN	-3.32924	-3.33574	NaN	-2.43481
