gTG	E_N2_num	E_N2_ana	E_N2_sf	E_N3_num	E_N3_ana	E_N3_sf
0	-2.64994	-2.64985	-2.64994	-5.87915	-5.87639	-5.87915
0.1	-2.58469	-2.58422	-2.58469	-5.68705	-5.68405	-5.68705
0.2	-2.521	-2.51941	-2.521	-5.4991	-5.49484	-5.4991
0.3	-2.45888	-2.45541	-2.45888	-5.3153	-5.30878	-5.3153
0.4	-2.39831	-2.39224	-2.39831	-5.13566	-5.12586	-5.13566
0.5	-2.33928	-2.32988	-2.33928	-4.96021	-4.9461	-4.96021
0.6	-2.28177	-2.26834	-2.28177	-4.78895	-4.76948	-4.78895
0.7	-2.22578	-2.20762	-2.22578	-4.62191	-4.59602	-4.62191
0.8	-2.17127	-2.14772	-2.17127	-4.45907	-4.42571	-4.45907
0.9	-2.11826	-2.08864	-2.11826	-4.30045	-4.25857	-4.30045
1	-2.06671	-2.03038	-2.06671	-4.14606	-4.09459	-4.14606
1.1	-2.01662	-1.97294	-2.01662	-3.9959	-3.93378	-3.9959
1.2	-1.96795	-1.91632	-1.96795	-3.84996	-3.77614	-3.84996
1.3	-1.92071	-1.86051	-1.92071	-3.70824	-3.62167	-3.70824
1.4	-1.87486	-1.80553	-1.87486	-3.57074	-3.47037	-3.57074
1.5	-1.8304	-1.75137	-1.8304	-3.43744	-3.32226	-3.43744
1.6	-1.7873	-1.69803	-1.7873	-3.30834	-3.17732	-3.30834
1.7	-1.74555	-1.64551	-1.74555	-3.18341	-3.03558	-3.18341
1.8	-1.70512	-1.59381	-1.70512	-3.06265	-2.89702	-3.06265
1.9	-1.66599	-1.54294	-1.66599	-2.94602	-2.76165	-2.94602
2	-1.62814	-1.49288	-1.62814	-2.8335	-2.62948	-2.8335
2.1	-1.59156	-1.44365	-1.59156	-2.72506	-2.50051	-2.72506
2.2	-1.55621	-1.39523	-1.55621	-2.62066	-2.37474	-2.62066
2.3	-1.52208	-1.34764	-1.52208	-2.52027	-2.25217	-2.52027
2.4	-1.48914	-1.30087	-1.48914	-2.42385	-2.13281	-2.42385
2.5	-1.45737	-1.25493	-1.45737	-2.33134	-2.01666	-2.33134
2.6	-1.42674	-1.2098	-1.42674	-2.24269	-1.90372	-2.24269
2.7	-1.39722	-1.1655	-1.39722	-2.15786	-1.79401	-2.15786
2.8	-1.3688	-1.12202	-1.3688	-2.07677	-1.68751	-2.07677
2.9	-1.34145	-1.07937	-1.34145	-1.99935	-1.58424	-1.99935
3	-1.31513	-1.03754	-1.31513	-1.92555	-1.48419	-1.92555
3.1	-1.28982	-0.996531	-1.28982	-1.85528	-1.38737	-1.85528
3.2	-1.2655	-0.956347	-1.2655	-1.78846	-1.29379	-1.78846
3.3	-1.24214	-0.916986	-1.24214	-1.72501	-1.20345	-1.72501
3.4	-1.21971	-0.87845	-1.21971	-1.66483	-1.11634	-1.66483
3.5	-1.19818	-0.840738	-1.19818	-1.60783	-1.03248	-1.60783
3.6	-1.17752	-0.803851	-1.17752	-1.55392	-0.951868	-1.55392
3.7	-1.15771	-0.767788	-1.15771	-1.50299	-0.874503	-1.50299
3.8	-1.13872	-0.73255	-1.13872	-1.45493	-0.800393	-1.45493
3.9	-1.12052	-0.698137	-1.12052	-1.40964	-0.729539	-1.40964
4	-1.10308	-0.664549	-1.10308	-1.367	-0.661946	-1.367
4.1	-1.08639	-0.631787	-1.08639	-1.32691	-0.597616	-1.32691
4.2	-1.07039	-0.599851	-1.07039	-1.28924	-0.536553	-1.28924
4.3	-1.05508	-0.56874	-1.05508	-1.2539	-0.47876	-1.2539
4.4	-1.04043	-0.538455	-1.04043	-1.22075	-0.424242	-1.22075
4.5	-1.0264	-0.508997	-1.0264	-1.18968	-0.373	-1.18968
4.6	-1.01299	-0.480365	-1.01299	-1.16059	-0.32504	-1.16059
4.7	-1.00014	-0.45256	-1.00014	-1.13336	-0.280363	-1.13336
4.8	-0.987862	-0.425581	-0.987862	-1.10788	-0.238974	-1.10788
4.9	-0.976107	-0.39943	-0.976107	-1.08405	-0.200876	-1.08405
5	-0.964854	-0.374105	-0.964854	-1.06176	-0.166072	-1.06176
5.1	-0.954095	-0.349608	-0.954095	-1.04092	-0.134566	-1.04092
5.2	-0.943802	-0.325939	-0.943802	-1.02142	-0.106362	-1.02142
5.3	-0.933944	-0.303097	-0.933944	-1.00318	-0.0814621	-1.00318
5.4	-0.924512	-0.281084	-0.924512	-0.986118	-0.0598711	-0.986118
5.5	-0.915489	-0.259898	-0.915489	-0.970142	-0.041592	-0.970142
5.6	-0.906838	-0.239541	-0.906838	-0.955172	-0.0266284	-0.955172
5.7	-0.898565	-0.220013	-0.898565	-0.941148	-0.0149838	-0.941148
5.8	-0.890641	-0.201313	-0.890641	-0.927991	-0.00666188	-0.927991
5.9	-0.883045	-0.183443	-0.883045	-0.915642	-0.00166607	-0.915642
6	-0.875769	-0.166401	-0.875769	-0.904038	0	-0.904038
6.1	-0.868797	-0.150189	-0.868797	-0.893132	NaN	-0.893132
6.2	-0.862109	-0.134806	-0.862109	-0.882866	NaN	-0.882866
6.3	-0.855698	-0.120253	-0.855698	-0.873192	NaN	-0.873192
6.4	-0.849545	-0.106531	-0.849545	-0.864071	NaN	-0.864071
6.5	-0.843644	-0.0936378	-0.843644	-0.855461	NaN	-0.855461
6.6	-0.837977	-0.0815755	-0.837977	-0.847323	NaN	-0.847323
6.7	-0.832543	-0.0703436	-0.832543	-0.839628	NaN	-0.839628
6.8	-0.827309	-0.0599425	-0.827309	-0.83234	NaN	-0.83234
6.9	-0.822292	-0.0503724	-0.822292	-0.825429	NaN	-0.825429
7	-0.817466	-0.0416334	-0.817466	-0.818874	NaN	-0.818874
7.1	-0.812825	-0.0337257	-0.812825	-0.812643	NaN	-0.812643
7.2	-0.808364	-0.0266496	-0.808364	-0.806721	NaN	-0.806721
7.3	-0.804069	-0.0204053	-0.804069	-0.801087	NaN	-0.801087
7.4	-0.799939	-0.0149928	-0.799939	-0.795716	NaN	-0.795716
7.5	-0.795955	-0.0104125	-0.795955	-0.790599	NaN	-0.790599
7.6	-0.792128	-0.00666454	-0.792128	-0.785712	NaN	-0.785712
7.7	-0.788432	-0.0037491	-0.788432	-0.781042	NaN	-0.781042
7.8	-0.78487	-0.0016664	-0.78487	-0.77658	NaN	-0.77658
7.9	-0.78144	-0.000416633	-0.78144	-0.772311	NaN	-0.772311
8	-0.778129	0	-0.778129	-0.76822	NaN	-0.76822
8.1	-0.774939	NaN	-0.774939	-0.764303	NaN	-0.764303
8.2	-0.771858	NaN	-0.771858	-0.760545	NaN	-0.760545
8.3	-0.768882	NaN	-0.768882	-0.75694	NaN	-0.75694
8.4	-0.766011	NaN	-0.766011	-0.753476	NaN	-0.753476
8.5	-0.763236	NaN	-0.763236	-0.750147	NaN	-0.750147
8.6	-0.760553	NaN	-0.760553	-0.746945	NaN	-0.746945
8.7	-0.757963	NaN	-0.757963	-0.743864	NaN	-0.743864
8.8	-0.755456	NaN	-0.755456	-0.740898	NaN	-0.740898
8.9	-0.75303	NaN	-0.75303	-0.738041	NaN	-0.738041
9	-0.750686	NaN	-0.750686	-0.735287	NaN	-0.735287
9.1	-0.748416	NaN	-0.748416	-0.732635	NaN	-0.732635
9.2	-0.746221	NaN	-0.746221	-0.73007	NaN	-0.73007
9.3	-0.744094	NaN	-0.744094	-0.727595	NaN	-0.727595
9.4	-0.742031	NaN	-0.742031	-0.725209	NaN	-0.725209
9.5	-0.740036	NaN	-0.740036	-0.722898	NaN	-0.722898
9.6	-0.738101	NaN	-0.738101	-0.720669	NaN	-0.720669
9.7	-0.736227	NaN	-0.736227	-0.718511	NaN	-0.718511
9.8	-0.734414	NaN	-0.734414	-0.716423	NaN	-0.716423
9.9	-0.732646	NaN	-0.732646	-0.714402	NaN	-0.714402
10	-0.730935	NaN	-0.730935	-0.712444	NaN	-0.712444
10.1	-0.729273	NaN	-0.729273	-0.710551	NaN	-0.710551
10.2	-0.727664	NaN	-0.727664	-0.708715	NaN	-0.708715
10.3	-0.726103	NaN	-0.726103	-0.706935	NaN	-0.706935
10.4	-0.724585	NaN	-0.724585	-0.705208	NaN	-0.705208
10.5	-0.723108	NaN	-0.723108	-0.703536	NaN	-0.703536
10.6	-0.721677	NaN	-0.721677	-0.701911	NaN	-0.701911
10.7	-0.720288	NaN	-0.720288	-0.700337	NaN	-0.700337
10.8	-0.718936	NaN	-0.718936	-0.698807	NaN	-0.698807
10.9	-0.717623	NaN	-0.717623	-0.697323	NaN	-0.697323
11	-0.716344	NaN	-0.716344	-0.695879	NaN	-0.695879
11.1	-0.715103	NaN	-0.715103	-0.694478	NaN	-0.694478
11.2	-0.713893	NaN	-0.713893	-0.693115	NaN	-0.693115
11.3	-0.712719	NaN	-0.712719	-0.691792	NaN	-0.691792
11.4	-0.711568	NaN	-0.711568	-0.690506	NaN	-0.690506
11.5	-0.710462	NaN	-0.710462	-0.689256	NaN	-0.689256
11.6	-0.709381	NaN	-0.709381	-0.688037	NaN	-0.688037
11.7	-0.708325	NaN	-0.708325	-0.686852	NaN	-0.686852
11.8	-0.7073	NaN	-0.7073	-0.6857	NaN	-0.6857
11.9	-0.706303	NaN	-0.706303	-0.68458	NaN	-0.68458
12	-0.705329	NaN	-0.705329	-0.683489	NaN	-0.683489
12.1	-0.704382	NaN	-0.704382	-0.682426	NaN	-0.682426
12.2	-0.703456	NaN	-0.703456	-0.681392	NaN	-0.681392
12.3	-0.702561	NaN	-0.702561	-0.680384	NaN	-0.680384
12.4	-0.70168	NaN	-0.70168	-0.679402	NaN	-0.679402
12.5	-0.700828	NaN	-0.700828	-0.678448	NaN	-0.678448
12.6	-0.699995	NaN	-0.699995	-0.677514	NaN	-0.677514
12.7	-0.699183	NaN	-0.699183	-0.676611	NaN	-0.676611
12.8	-0.698394	NaN	-0.698394	-0.675725	NaN	-0.675725
12.9	-0.69762	NaN	-0.69762	-0.67486	NaN	-0.67486
13	-0.696867	NaN	-0.696867	-0.674021	NaN	-0.674021
13.1	-0.696134	NaN	-0.696134	-0.673201	NaN	-0.673201
13.2	-0.695416	NaN	-0.695416	-0.672403	NaN	-0.672403
13.3	-0.694716	NaN	-0.694716	-0.671623	NaN	-0.671623
13.4	-0.694035	NaN	-0.694035	-0.670864	NaN	-0.670864
13.5	-0.693371	NaN	-0.693371	-0.670122	NaN	-0.670122
13.6	-0.69272	NaN	-0.69272	-0.6694	NaN	-0.6694
13.7	-0.692085	NaN	-0.692085	-0.668693	NaN	-0.668693
13.8	-0.691467	NaN	-0.691467	-0.668009	NaN	-0.668009
13.9	-0.69086	NaN	-0.69086	-0.667334	NaN	-0.667334
14	-0.690273	NaN	-0.690273	-0.666678	NaN	-0.666678
14.1	-0.689696	NaN	-0.689696	-0.666038	NaN	-0.666038
14.2	-0.689134	NaN	-0.689134	-0.665415	NaN	-0.665415
14.3	-0.688581	NaN	-0.688581	-0.663734	NaN	-0.664804
14.4	-0.688042	NaN	-0.688042	-0.663734	NaN	-0.664213
14.5	-0.687516	NaN	-0.687516	-0.663734	NaN	-0.663631
14.6	-0.687004	NaN	-0.687004	-0.663733	NaN	-0.663064
14.7	-0.686505	NaN	-0.686505	-0.663733	NaN	-0.662511
14.8	-0.686018	NaN	-0.686018	-0.663732	NaN	-0.661972
14.9	-0.685537	NaN	-0.685537	-0.663732	NaN	-0.661442
15	-0.685069	NaN	-0.685069	-0.663732	NaN	-0.660925
15.1	-0.684612	NaN	-0.684612	-0.663731	NaN	-0.660425
15.2	-0.684162	NaN	-0.684162	-0.663731	NaN	-0.659932
15.3	-0.683723	NaN	-0.683723	-0.66373	NaN	-0.659451
15.4	-0.683299	NaN	-0.683299	-0.66373	NaN	-0.658982
15.5	-0.682881	NaN	-0.682881	-0.66373	NaN	-0.658527
15.6	-0.682472	NaN	-0.682472	-0.663729	NaN	-0.658079
15.7	-0.682064	NaN	-0.682064	-0.663729	NaN	-0.657641
15.8	-0.681676	NaN	-0.681676	-0.663729	NaN	-0.657217
15.9	-0.681297	NaN	-0.681297	-0.663728	NaN	-0.656802
16	-0.680922	NaN	-0.680922	-0.663728	NaN	-0.656392
16.1	-0.680556	NaN	-0.680556	-0.663728	NaN	-0.655995
16.2	-0.680199	NaN	-0.680199	-0.663727	NaN	-0.655607
16.3	-0.679845	NaN	-0.679845	-0.663727	NaN	-0.655228
16.4	-0.679505	NaN	-0.679505	-0.663726	NaN	-0.654857
16.5	-0.679167	NaN	-0.679167	-0.663726	NaN	-0.654494
16.6	-0.678838	NaN	-0.678838	-0.663726	NaN	-0.654142
16.7	-0.678517	NaN	-0.678517	-0.663725	NaN	-0.653797
16.8	-0.678203	NaN	-0.678203	-0.663725	NaN	-0.65346
16.9	-0.677896	NaN	-0.677896	-0.663725	NaN	-0.653133
17	-0.677592	NaN	-0.677592	-0.663724	NaN	-0.652809
17.1	-0.677295	NaN	-0.677295	-0.663724	NaN	-0.652492
17.2	-0.677004	NaN	-0.677004	-0.663723	NaN	-0.652188
17.3	-0.676716	NaN	-0.676716	-0.663723	NaN	-0.651887
17.4	-0.67644	NaN	-0.67644	-0.663723	NaN	-0.651592
17.5	-0.676165	NaN	-0.676165	-0.663722	NaN	-0.65131
17.6	-0.675902	NaN	-0.675902	-0.663722	NaN	-0.651032
17.7	-0.675639	NaN	-0.675639	-0.663722	NaN	-0.650757
17.8	-0.675383	NaN	-0.675383	-0.663721	NaN	-0.650487
17.9	-0.675132	NaN	-0.675132	-0.663721	NaN	-0.650226
18	-0.674888	NaN	-0.674888	-0.663721	NaN	-0.649977
18.1	-0.674649	NaN	-0.674649	-0.66372	NaN	-0.649728
18.2	-0.674415	NaN	-0.674415	-0.66372	NaN	-0.649484
18.3	-0.674182	NaN	-0.674182	-0.663719	NaN	-0.649248
18.4	-0.673954	NaN	-0.673954	-0.663719	NaN	-0.649017
18.5	-0.673731	NaN	-0.673731	-0.663719	NaN	-0.648789
18.6	-0.673509	NaN	-0.673509	-0.663718	NaN	-0.648569
18.7	-0.673302	NaN	-0.673302	-0.663718	NaN	-0.648353
18.8	-0.673094	NaN	-0.673094	-0.663718	NaN	-0.648147
18.9	-0.672886	NaN	-0.672886	-0.663717	NaN	-0.647945
19	-0.672688	NaN	-0.672688	-0.663717	NaN	-0.647742
19.1	-0.672494	NaN	-0.672494	-0.663717	NaN	-0.647546
19.2	-0.6723	NaN	-0.6723	-0.663716	NaN	-0.647356
19.3	-0.67211	NaN	-0.67211	-0.663716	NaN	-0.64717
19.4	-0.671924	NaN	-0.671924	-0.663716	NaN	-0.64699
19.5	-0.671738	NaN	-0.671738	-0.663715	NaN	-0.646813
19.6	-0.671556	NaN	-0.671556	-0.663715	NaN	-0.646638
19.7	-0.671383	NaN	-0.671383	-0.663714	NaN	-0.646473
19.8	-0.671214	NaN	-0.671214	-0.663714	NaN	-0.646306
19.9	-0.671049	NaN	-0.671049	-0.663714	NaN	-0.646149
20	-0.670887	NaN	-0.670887	-0.663713	NaN	-0.645991
20.1	-0.670724	NaN	-0.670724	-0.663713	NaN	-0.645838
20.2	-0.670565	NaN	-0.670565	-0.663713	NaN	-0.645691
20.3	-0.670409	NaN	-0.670409	-0.663712	NaN	-0.645545
20.4	-0.670256	NaN	-0.670256	-0.663712	NaN	-0.645402
20.5	-0.670108	NaN	-0.670108	-0.663712	NaN	-0.645267
20.6	-0.669962	NaN	-0.669962	-0.663711	NaN	-0.64513
20.7	-0.669815	NaN	-0.669815	-0.663711	NaN	-0.645002
20.8	-0.669671	NaN	-0.669671	-0.663711	NaN	-0.644875
20.9	-0.66953	NaN	-0.66953	-0.66371	NaN	-0.64475
21	-0.669398	NaN	-0.669398	-0.66371	NaN	-0.644629
21.1	-0.669263	NaN	-0.669263	-0.663709	NaN	-0.64451
21.2	-0.669131	NaN	-0.669131	-0.663709	NaN	-0.644395
21.3	-0.669003	NaN	-0.669003	-0.663709	NaN	-0.644288
21.4	-0.668877	NaN	-0.668877	-0.663708	NaN	-0.644179
21.5	-0.668754	NaN	-0.668754	-0.663708	NaN	-0.644073
21.6	-0.668633	NaN	-0.668633	-0.663708	NaN	-0.643969
21.7	-0.668511	NaN	-0.668511	-0.663707	NaN	-0.643869
21.8	-0.668391	NaN	-0.668391	-0.663707	NaN	-0.643773
21.9	-0.668274	NaN	-0.668274	-0.663707	NaN	-0.643677
22	-0.668164	NaN	-0.668164	-0.663706	NaN	-0.643586
22.1	-0.668052	NaN	-0.668052	-0.663706	NaN	-0.643495
22.2	-0.667943	NaN	-0.667943	-0.663706	NaN	-0.643408
22.3	-0.667835	NaN	-0.667835	-0.663705	NaN	-0.643321
22.4	-0.66773	NaN	-0.66773	-0.663705	NaN	-0.643239
22.5	-0.667628	NaN	-0.667628	-0.663704	NaN	-0.64316
22.6	-0.667518	NaN	-0.667518	-0.663704	NaN	-0.643084
22.7	-0.66742	NaN	-0.66742	-0.663704	NaN	-0.643009
22.8	-0.667325	NaN	-0.667325	-0.663703	NaN	-0.642933
22.9	-0.667231	NaN	-0.667231	-0.663703	NaN	-0.642865
23	-0.667135	NaN	-0.667135	-0.663703	NaN	-0.642793
23.1	-0.667045	NaN	-0.667045	-0.663702	NaN	-0.642728
23.2	-0.666953	NaN	-0.666953	-0.663702	NaN	-0.642666
23.3	-0.666858	NaN	-0.666858	-0.663702	NaN	-0.642604
23.4	-0.666775	NaN	-0.666775	-0.663701	NaN	-0.642541
23.5	-0.666688	NaN	-0.666688	-0.663701	NaN	-0.642485
23.6	-0.666604	NaN	-0.666604	-0.663701	NaN	-0.642425
23.7	-0.666511	NaN	-0.666511	-0.6637	NaN	-0.642369
23.8	-0.666431	NaN	-0.666431	-0.6637	NaN	-0.642318
23.9	-0.666352	NaN	-0.666352	-0.6637	NaN	-0.642267
24	-0.66627	NaN	-0.66627	-0.663699	NaN	-0.642216
24.1	-0.666195	NaN	-0.666195	-0.663699	NaN	-0.642167
24.2	-0.666117	NaN	-0.666117	-0.663699	NaN	-0.642122
24.3	-0.66604	NaN	-0.66604	-0.663698	NaN	-0.642079
24.4	-0.66597	NaN	-0.66597	-0.663698	NaN	-0.642035
24.5	-0.665891	NaN	-0.665891	-0.663697	NaN	-0.641993
24.6	-0.66582	NaN	-0.66582	-0.663697	NaN	-0.641951
24.7	-0.66575	NaN	-0.66575	-0.663697	NaN	-0.641909
24.8	-0.665681	NaN	-0.665681	-0.663696	NaN	-0.641876
24.9	-0.665614	NaN	-0.665614	-0.663696	NaN	-0.641838
25	-0.663581	NaN	-0.665548	-0.663696	NaN	-0.6418
25.1	-0.66358	NaN	-0.665479	-0.663695	NaN	-0.641771
25.2	-0.66358	NaN	-0.665417	-0.663695	NaN	-0.641737
25.3	-0.663579	NaN	-0.665355	-0.663695	NaN	-0.641706
25.4	-0.663579	NaN	-0.66529	-0.663694	NaN	-0.641677
25.5	-0.663578	NaN	-0.665232	-0.663694	NaN	-0.64165
25.6	-0.663578	NaN	-0.665164	-0.663694	NaN	-0.641619
25.7	-0.663577	NaN	-0.665109	-0.663693	NaN	-0.641594
25.8	-0.663577	NaN	-0.665049	-0.663693	NaN	-0.641567
25.9	-0.663576	NaN	-0.664991	-0.663693	NaN	-0.641546
26	-0.663576	NaN	-0.664939	-0.663692	NaN	-0.64153
26.1	-0.663575	NaN	-0.664879	-0.663692	NaN	-0.641506
26.2	-0.663575	NaN	-0.664824	-0.663691	NaN	-0.641484
26.3	-0.663574	NaN	-0.664766	-0.663691	NaN	-0.641464
26.4	-0.663574	NaN	-0.664714	-0.663691	NaN	-0.641443
26.5	-0.663573	NaN	-0.664664	-0.66369	NaN	-0.641428
26.6	-0.663573	NaN	-0.664614	-0.66369	NaN	-0.641411
26.7	-0.663572	NaN	-0.66456	-0.66369	NaN	-0.641392
26.8	-0.663572	NaN	-0.664513	-0.663689	NaN	-0.641382
26.9	-0.663571	NaN	-0.664462	-0.663689	NaN	-0.641367
27	-0.663571	NaN	-0.664412	-0.663689	NaN	-0.641354
27.1	-0.66357	NaN	-0.664368	-0.663688	NaN	-0.641343
27.2	-0.66357	NaN	-0.66432	-0.663688	NaN	-0.64133
27.3	-0.663569	NaN	-0.664273	-0.663688	NaN	-0.641319
27.4	-0.663569	NaN	-0.664222	-0.663687	NaN	-0.64131
27.5	-0.663568	NaN	-0.664182	-0.663687	NaN	-0.641299
27.6	-0.663568	NaN	-0.664138	-0.663687	NaN	-0.64129
27.7	-0.663567	NaN	-0.664095	-0.663686	NaN	-0.641283
27.8	-0.663567	NaN	-0.664053	-0.663686	NaN	-0.641281
27.9	-0.663566	NaN	-0.664007	-0.663686	NaN	-0.641273
28	-0.663566	NaN	-0.663967	-0.663685	NaN	-0.64127
28.1	-0.663565	NaN	-0.663928	-0.663685	NaN	-0.641262
28.2	-0.663565	NaN	-0.663885	-0.663684	NaN	-0.641256
28.3	-0.663564	NaN	-0.663847	-0.663684	NaN	-0.641251
28.4	-0.663564	NaN	-0.663811	-0.663684	NaN	-0.641252
28.5	-0.663563	NaN	-0.66377	-0.663683	NaN	-0.641247
28.6	-0.663563	NaN	-0.663735	-0.663683	NaN	-0.641243
28.7	-0.663562	NaN	-0.663701	-0.663683	NaN	-0.641245
28.8	-0.663562	NaN	-0.663663	-0.663682	NaN	-0.641241
28.9	-0.663561	NaN	-0.66363	-0.663682	NaN	-0.641249
29	-0.663561	NaN	-0.663594	-0.663682	NaN	-0.641244
29.1	-0.66356	NaN	-0.663558	-0.663681	NaN	-0.641244
29.2	-0.66356	NaN	-0.663518	-0.663681	NaN	-0.641246
29.3	-0.663559	NaN	-0.663489	-0.663681	NaN	-0.641246
29.4	-0.663559	NaN	-0.663455	-0.66368	NaN	-0.64125
29.5	-0.663558	NaN	-0.663422	-0.66368	NaN	-0.641252
29.6	-0.663558	NaN	-0.66339	-0.66368	NaN	-0.641253
29.7	-0.663557	NaN	-0.663359	-0.663679	NaN	-0.641261
29.8	-0.663557	NaN	-0.663328	-0.663679	NaN	-0.641264
29.9	-0.663556	NaN	-0.663298	-0.663678	NaN	-0.641271
30	-0.663556	NaN	-0.663269	-0.663678	NaN	-0.641273
30.1	-0.663555	NaN	-0.663235	-0.663678	NaN	-0.641279
30.2	-0.663554	NaN	-0.663208	-0.663677	NaN	-0.641284
30.3	-0.663554	NaN	-0.66318	-0.663677	NaN	-0.641289
30.4	-0.663553	NaN	-0.663149	-0.663677	NaN	-0.641299
30.5	-0.663553	NaN	-0.663123	-0.663676	NaN	-0.641303
30.6	-0.663552	NaN	-0.663093	-0.663676	NaN	-0.641312
30.7	-0.663552	NaN	-0.663063	-0.663676	NaN	-0.641319
30.8	-0.663551	NaN	-0.663039	-0.663675	NaN	-0.641327
30.9	-0.663551	NaN	-0.663011	-0.663675	NaN	-0.641335
31	-0.66355	NaN	-0.662983	-0.663675	NaN	-0.641339
31.1	-0.66355	NaN	-0.662956	-0.663674	NaN	-0.641346
31.2	-0.663549	NaN	-0.662929	-0.663674	NaN	-0.641355
31.3	-0.663549	NaN	-0.662903	-0.663674	NaN	-0.641365
31.4	-0.663548	NaN	-0.662878	-0.663673	NaN	-0.641373
31.5	-0.663548	NaN	-0.662853	-0.663673	NaN	-0.641385
31.6	-0.663547	NaN	-0.662829	-0.663673	NaN	-0.641394
31.7	-0.663547	NaN	-0.662805	-0.663672	NaN	-0.641408
31.8	-0.663546	NaN	-0.662782	-0.663672	NaN	-0.641419
31.9	-0.663546	NaN	-0.662759	-0.663671	NaN	-0.641425
32	-0.663545	NaN	-0.662732	-0.663671	NaN	-0.641435
32.1	-0.663545	NaN	-0.662711	-0.663671	NaN	-0.641446
32.2	-0.663544	NaN	-0.66269	-0.66367	NaN	-0.641458
32.3	-0.663544	NaN	-0.662664	-0.66367	NaN	-0.641467
32.4	-0.663543	NaN	-0.662644	-0.66367	NaN	-0.641485
32.5	-0.663543	NaN	-0.66262	-0.663669	NaN	-0.641492
32.6	-0.663542	NaN	-0.662601	-0.663669	NaN	-0.641504
32.7	-0.663542	NaN	-0.662582	-0.663669	NaN	-0.641517
32.8	-0.663541	NaN	-0.662559	-0.663668	NaN	-0.641528
32.9	-0.663541	NaN	-0.662541	-0.663668	NaN	-0.641543
33	-0.66354	NaN	-0.662519	-0.663668	NaN	-0.641555
33.1	-0.66354	NaN	-0.662502	-0.663667	NaN	-0.641564
33.2	-0.663539	NaN	-0.662481	-0.663667	NaN	-0.641575
33.3	-0.663539	NaN	-0.662465	-0.663667	NaN	-0.64159
33.4	-0.663538	NaN	-0.662444	-0.663666	NaN	-0.641602
33.5	-0.663538	NaN	-0.662424	-0.663666	NaN	-0.641612
33.6	-0.663537	NaN	-0.662405	-0.663665	NaN	-0.641622
33.7	-0.663537	NaN	-0.662386	-0.663665	NaN	-0.641637
33.8	-0.663536	NaN	-0.662367	-0.663665	NaN	-0.641652
33.9	-0.663536	NaN	-0.662349	-0.663664	NaN	-0.641665
34	-0.663535	NaN	-0.662331	-0.663664	NaN	-0.641679
34.1	-0.663535	NaN	-0.662314	-0.663664	NaN	-0.641689
34.2	-0.663534	NaN	-0.662297	-0.663663	NaN	-0.641701
34.3	-0.663534	NaN	-0.66228	-0.663663	NaN	-0.641714
34.4	-0.663533	NaN	-0.662264	-0.663663	NaN	-0.641727
34.5	-0.663533	NaN	-0.662248	-0.663662	NaN	-0.641744
34.6	-0.663532	NaN	-0.662232	-0.663662	NaN	-0.641759
34.7	-0.663532	NaN	-0.662217	-0.663662	NaN	-0.641767
34.8	-0.663531	NaN	-0.662202	-0.663661	NaN	-0.641783
34.9	-0.663531	NaN	-0.662182	-0.663661	NaN	-0.6418
35	-0.66353	NaN	-0.662169	-0.663661	NaN	-0.641811
35.1	-0.66353	NaN	-0.662155	-0.66366	NaN	-0.641825
35.2	-0.663529	NaN	-0.662141	-0.66366	NaN	-0.641837
35.3	-0.663529	NaN	-0.662123	-0.663659	NaN	-0.64185
35.4	-0.663528	NaN	-0.662111	-0.663659	NaN	-0.641867
35.5	-0.663528	NaN	-0.662093	-0.663659	NaN	-0.64188
35.6	-0.663527	NaN	-0.662081	-0.663658	NaN	-0.641895
35.7	-0.663527	NaN	-0.662065	-0.663658	NaN	-0.64191
35.8	-0.663526	NaN	-0.662053	-0.663658	NaN	-0.641922
35.9	-0.663526	NaN	-0.662037	-0.663657	NaN	-0.641935
36	-0.663525	NaN	-0.662022	-0.663657	NaN	-0.641949
36.1	-0.663525	NaN	-0.662011	-0.663657	NaN	-0.641963
36.2	-0.663524	NaN	-0.661996	-0.663656	NaN	-0.641978
36.3	-0.663524	NaN	-0.661986	-0.663656	NaN	-0.641993
36.4	-0.663523	NaN	-0.661972	-0.663656	NaN	-0.642006
36.5	-0.663522	NaN	-0.661958	-0.663655	NaN	-0.642022
36.6	-0.663522	NaN	-0.661944	-0.663655	NaN	-0.642036
36.7	-0.663521	NaN	-0.66193	-0.663654	NaN	-0.64205
36.8	-0.663521	NaN	-0.661917	-0.663654	NaN	-0.642061
36.9	-0.66352	NaN	-0.661904	-0.663654	NaN	-0.642077
37	-0.66352	NaN	-0.661892	-0.663653	NaN	-0.642089
37.1	-0.663519	NaN	-0.661879	-0.663653	NaN	-0.642103
37.2	-0.663519	NaN	-0.661867	-0.663653	NaN	-0.642116
37.3	-0.663518	NaN	-0.661855	-0.663652	NaN	-0.64213
37.4	-0.663518	NaN	-0.661844	-0.663652	NaN	-0.642145
37.5	-0.663517	NaN	-0.661833	-0.663652	NaN	-0.64216
37.6	-0.663517	NaN	-0.661822	-0.663651	NaN	-0.642176
37.7	-0.663516	NaN	-0.661811	-0.663651	NaN	-0.642188
37.8	-0.663516	NaN	-0.6618	-0.663651	NaN	-0.642202
37.9	-0.663515	NaN	-0.66179	-0.66365	NaN	-0.642212
38	-0.663515	NaN	-0.66178	-0.66365	NaN	-0.642227
38.1	-0.663514	NaN	-0.66177	-0.663649	NaN	-0.642241
38.2	-0.663514	NaN	-0.66176	-0.663649	NaN	-0.642253
38.3	-0.663513	NaN	-0.661751	-0.663649	NaN	-0.642266
38.4	-0.663513	NaN	-0.661742	-0.663648	NaN	-0.642279
38.5	-0.663512	NaN	-0.661733	-0.663648	NaN	-0.642292
38.6	-0.663512	NaN	-0.66172	-0.663648	NaN	-0.642306
38.7	-0.663511	NaN	-0.661711	-0.663647	NaN	-0.64232
38.8	-0.663511	NaN	-0.661703	-0.663647	NaN	-0.642335
38.9	-0.66351	NaN	-0.66169	-0.663647	NaN	-0.642346
39	-0.66351	NaN	-0.661683	-0.663646	NaN	-0.642359
39.1	-0.663509	NaN	-0.661675	-0.663646	NaN	-0.642371
39.2	-0.663509	NaN	-0.661663	-0.663646	NaN	-0.642384
39.3	-0.663508	NaN	-0.661656	-0.663645	NaN	-0.642398
39.4	-0.663508	NaN	-0.661644	-0.663645	NaN	-0.642412
39.5	-0.663507	NaN	-0.661638	-0.663644	NaN	-0.642423
39.6	-0.663507	NaN	-0.661626	-0.663644	NaN	-0.642434
39.7	-0.663506	NaN	-0.661615	-0.663644	NaN	-0.642446
39.8	-0.663506	NaN	-0.66161	-0.663643	NaN	-0.642462
39.9	-0.663505	NaN	-0.661599	-0.663643	NaN	-0.642478
40	-0.663504	NaN	-0.661589	-0.663643	NaN	-0.642491
40.1	-0.663504	NaN	-0.661578	-0.663642	NaN	-0.642501
40.2	-0.663503	NaN	-0.661573	-0.663642	NaN	-0.642518
40.3	-0.663503	NaN	-0.661563	-0.663642	NaN	-0.642525
40.4	-0.663502	NaN	-0.661554	-0.663641	NaN	-0.642536
40.5	-0.663502	NaN	-0.661545	-0.663641	NaN	-0.642548
40.6	-0.663501	NaN	-0.661535	-0.663641	NaN	-0.642563
40.7	-0.663501	NaN	-0.661531	-0.66364	NaN	-0.642572
40.8	-0.6635	NaN	-0.661522	-0.66364	NaN	-0.642582
40.9	-0.6635	NaN	-0.661514	-0.663639	NaN	-0.642595
41	-0.663499	NaN	-0.661505	-0.663639	NaN	-0.642608
41.1	-0.663499	NaN	-0.661497	-0.663639	NaN	-0.642619
41.2	-0.663498	NaN	-0.661489	-0.663638	NaN	-0.64263
41.3	-0.663498	NaN	-0.661481	-0.663638	NaN	-0.642641
41.4	-0.663497	NaN	-0.661473	-0.663638	NaN	-0.642652
41.5	-0.663497	NaN	-0.661466	-0.663637	NaN	-0.642664
41.6	-0.663496	NaN	-0.661459	-0.663637	NaN	-0.642673
41.7	-0.663496	NaN	-0.661451	-0.663637	NaN	-0.642686
41.8	-0.663495	NaN	-0.661444	-0.663636	NaN	-0.642699
41.9	-0.663495	NaN	-0.661437	-0.663636	NaN	-0.642709
42	-0.663494	NaN	-0.661431	-0.663635	NaN	-0.642722
42.1	-0.663494	NaN	-0.661424	-0.663635	NaN	-0.642733
42.2	-0.663493	NaN	-0.661418	-0.663635	NaN	-0.642744
42.3	-0.663493	NaN	-0.661412	-0.663634	NaN	-0.642755
42.4	-0.663492	NaN	-0.661405	-0.663634	NaN	-0.642766
42.5	-0.663491	NaN	-0.661399	-0.663634	NaN	-0.642775
42.6	-0.663491	NaN	-0.661394	-0.663633	NaN	-0.642787
42.7	-0.66349	NaN	-0.661388	-0.663633	NaN	-0.642799
42.8	-0.66349	NaN	-0.661382	-0.663633	NaN	-0.642808
42.9	-0.663489	NaN	-0.661377	-0.663632	NaN	-0.642815
43	-0.663489	NaN	-0.661372	-0.663632	NaN	-0.642828
43.1	-0.663488	NaN	-0.661367	-0.663632	NaN	-0.642839
43.2	-0.663488	NaN	-0.661362	-0.663631	NaN	-0.642849
43.3	-0.663487	NaN	-0.661357	-0.663631	NaN	-0.64286
43.4	-0.663487	NaN	-0.661352	-0.66363	NaN	-0.642874
43.5	-0.663486	NaN	-0.661343	-0.66363	NaN	-0.642882
43.6	-0.663486	NaN	-0.661338	-0.66363	NaN	-0.642891
43.7	-0.663485	NaN	-0.661334	-0.663629	NaN	-0.642899
43.8	-0.663485	NaN	-0.66133	-0.663629	NaN	-0.642912
43.9	-0.663484	NaN	-0.661321	-0.663629	NaN	-0.642921
44	-0.663484	NaN	-0.661318	-0.663628	NaN	-0.64293
44.1	-0.663483	NaN	-0.661314	-0.663628	NaN	-0.64294
44.2	-0.663483	NaN	-0.66131	-0.663628	NaN	-0.642947
44.3	-0.663482	NaN	-0.661302	-0.663627	NaN	-0.642954
44.4	-0.663481	NaN	-0.661299	-0.663627	NaN	-0.642964
44.5	-0.663481	NaN	-0.661291	-0.663626	NaN	-0.642975
44.6	-0.66348	NaN	-0.661288	-0.663626	NaN	-0.642986
44.7	-0.66348	NaN	-0.66128	-0.663626	NaN	-0.642994
44.8	-0.663479	NaN	-0.661277	-0.663625	NaN	-0.643003
44.9	-0.663479	NaN	-0.66127	-0.663625	NaN	-0.643011
45	-0.663478	NaN	-0.661267	-0.663625	NaN	-0.643023
45.1	-0.663478	NaN	-0.66126	-0.663624	NaN	-0.643032
45.2	-0.663477	NaN	-0.661253	-0.663624	NaN	-0.643041
45.3	-0.663477	NaN	-0.661251	-0.663624	NaN	-0.643051
45.4	-0.663476	NaN	-0.661244	-0.663623	NaN	-0.643057
45.5	-0.663476	NaN	-0.661242	-0.663623	NaN	-0.643064
45.6	-0.663475	NaN	-0.661235	-0.663622	NaN	-0.643071
45.7	-0.663475	NaN	-0.661229	-0.663622	NaN	-0.643078
45.8	-0.663474	NaN	-0.661227	-0.663622	NaN	-0.643085
45.9	-0.663474	NaN	-0.661221	-0.663621	NaN	-0.643093
46	-0.663473	NaN	-0.661215	-0.663621	NaN	-0.643101
46.1	-0.663472	NaN	-0.661209	-0.663621	NaN	-0.643109
46.2	-0.663472	NaN	-0.661203	-0.66362	NaN	-0.643121
46.3	-0.663471	NaN	-0.661198	-0.66362	NaN	-0.643129
46.4	-0.663471	NaN	-0.661192	-0.663619	NaN	-0.643135
46.5	-0.66347	NaN	-0.661187	-0.663619	NaN	-0.64314
46.6	-0.66347	NaN	-0.661181	-0.663619	NaN	-0.64315
46.7	-0.663469	NaN	-0.661176	-0.663618	NaN	-0.643162
46.8	-0.663469	NaN	-0.661171	-0.663618	NaN	-0.643168
46.9	-0.663468	NaN	-0.661166	-0.663618	NaN	-0.643175
47	-0.663468	NaN	-0.661161	-0.663617	NaN	-0.643182
47.1	-0.663467	NaN	-0.661156	-0.663617	NaN	-0.643189
47.2	-0.663467	NaN	-0.661151	-0.663617	NaN	-0.643196
47.3	-0.663466	NaN	-0.661147	-0.663616	NaN	-0.6432
47.4	-0.663466	NaN	-0.661142	-0.663616	NaN	-0.643207
47.5	-0.663465	NaN	-0.661138	-0.663615	NaN	-0.643212
47.6	-0.663464	NaN	-0.661134	-0.663615	NaN	-0.64322
47.7	-0.663464	NaN	-0.661129	-0.663615	NaN	-0.643225
47.8	-0.663463	NaN	-0.661125	-0.663614	NaN	-0.643233
47.9	-0.663463	NaN	-0.661121	-0.663614	NaN	-0.643242
48	-0.663462	NaN	-0.661117	-0.663614	NaN	-0.643247
48.1	-0.663462	NaN	-0.661113	-0.663613	NaN	-0.643253
48.2	-0.663461	NaN	-0.66111	-0.663613	NaN	-0.643259
48.3	-0.663461	NaN	-0.661106	-0.663612	NaN	-0.643265
48.4	-0.66346	NaN	-0.661102	-0.663612	NaN	-0.643271
48.5	-0.66346	NaN	-0.661099	-0.663612	NaN	-0.643278
48.6	-0.663459	NaN	-0.661095	-0.663611	NaN	-0.643284
48.7	-0.663459	NaN	-0.661092	-0.663611	NaN	-0.643291
48.8	-0.663458	NaN	-0.661089	-0.663611	NaN	-0.643298
48.9	-0.663458	NaN	-0.661086	-0.66361	NaN	-0.643305
49	-0.663457	NaN	-0.661082	-0.66361	NaN	-0.643309
49.1	-0.663456	NaN	-0.661079	-0.66361	NaN	-0.643317
49.2	-0.663456	NaN	-0.661077	-0.663609	NaN	-0.643321
49.3	-0.663455	NaN	-0.661074	-0.663609	NaN	-0.643326
49.4	-0.663455	NaN	-0.661071	-0.663608	NaN	-0.64333
49.5	-0.663454	NaN	-0.661068	-0.663608	NaN	-0.643335
49.6	-0.663454	NaN	-0.661066	-0.663608	NaN	-0.64334
49.7	-0.663453	NaN	-0.661063	-0.663607	NaN	-0.643349
49.8	-0.663453	NaN	-0.661061	-0.663607	NaN	-0.643354
49.9	-0.663452	NaN	-0.661058	-0.663607	NaN	-0.64336
50	-0.663452	NaN	-0.661056	-0.663606	NaN	-0.643366
50.1	-0.663451	NaN	-0.661054	-0.663606	NaN	-0.643372
50.2	-0.66345	NaN	-0.661051	-0.663605	NaN	-0.643378
50.3	-0.66345	NaN	-0.661049	-0.663605	NaN	-0.643381
50.4	-0.663449	NaN	-0.661047	-0.663605	NaN	-0.643387
50.5	-0.663449	NaN	-0.661045	-0.663604	NaN	-0.64339
50.6	-0.663448	NaN	-0.661043	-0.663604	NaN	-0.643394
50.7	-0.663448	NaN	-0.661041	-0.663604	NaN	-0.643397
50.8	-0.663447	NaN	-0.66104	-0.663603	NaN	-0.643401
50.9	-0.663447	NaN	-0.661038	-0.663603	NaN	-0.643405
51	-0.663446	NaN	-0.661036	-0.663602	NaN	-0.643409
51.1	-0.663446	NaN	-0.661035	-0.663602	NaN	-0.643414
51.2	-0.663445	NaN	-0.661033	-0.663602	NaN	-0.643422
51.3	-0.663445	NaN	-0.661032	-0.663601	NaN	-0.643426
51.4	-0.663444	NaN	-0.66103	-0.663601	NaN	-0.643431
51.5	-0.663443	NaN	-0.661029	-0.663601	NaN	-0.643435
51.6	-0.663443	NaN	-0.661028	-0.6636	NaN	-0.64344
51.7	-0.663442	NaN	-0.661026	-0.6636	NaN	-0.643446
51.8	-0.663442	NaN	-0.661025	-0.6636	NaN	-0.643447
51.9	-0.663441	NaN	-0.661024	-0.663599	NaN	-0.643453
52	-0.663441	NaN	-0.661023	-0.663599	NaN	-0.643459
52.1	-0.66344	NaN	-0.661022	-0.663598	NaN	-0.643461
52.2	-0.66344	NaN	-0.661021	-0.663598	NaN	-0.643463
52.3	-0.663439	NaN	-0.66102	-0.663598	NaN	-0.643466
52.4	-0.663439	NaN	-0.661015	-0.663597	NaN	-0.643469
52.5	-0.663438	NaN	-0.661014	-0.663597	NaN	-0.643472
52.6	-0.663437	NaN	-0.661014	-0.663597	NaN	-0.643475
52.7	-0.663437	NaN	-0.661008	-0.663596	NaN	-0.643479
52.8	-0.663436	NaN	-0.661008	-0.663596	NaN	-0.643482
52.9	-0.663436	NaN	-0.661008	-0.663595	NaN	-0.643486
53	-0.663435	NaN	-0.661003	-0.663595	NaN	-0.643489
53.1	-0.663435	NaN	-0.661002	-0.663595	NaN	-0.643497
53.2	-0.663434	NaN	-0.660998	-0.663594	NaN	-0.6435
53.3	-0.663434	NaN	-0.660993	-0.663594	NaN	-0.643504
53.4	-0.663433	NaN	-0.660993	-0.663593	NaN	-0.643505
53.5	-0.663433	NaN	-0.660988	-0.663593	NaN	-0.64351
53.6	-0.663432	NaN	-0.660989	-0.663593	NaN	-0.643514
53.7	-0.663431	NaN	-0.660984	-0.663592	NaN	-0.643515
53.8	-0.663431	NaN	-0.660984	-0.663592	NaN	-0.64352
53.9	-0.66343	NaN	-0.66098	-0.663592	NaN	-0.643522
54	-0.66343	NaN	-0.66098	-0.663591	NaN	-0.643523
54.1	-0.663429	NaN	-0.660976	-0.663591	NaN	-0.643525
54.2	-0.663429	NaN	-0.660976	-0.66359	NaN	-0.643527
54.3	-0.663428	NaN	-0.660972	-0.66359	NaN	-0.643529
54.4	-0.663428	NaN	-0.660973	-0.66359	NaN	-0.643532
54.5	-0.663427	NaN	-0.660969	-0.663589	NaN	-0.643534
54.6	-0.663426	NaN	-0.660965	-0.663589	NaN	-0.643536
54.7	-0.663426	NaN	-0.660966	-0.663589	NaN	-0.643539
54.8	-0.663425	NaN	-0.660962	-0.663588	NaN	-0.643542
54.9	-0.663425	NaN	-0.660958	-0.663588	NaN	-0.643545
55	-0.663424	NaN	-0.660954	-0.663587	NaN	-0.643548
55.1	-0.663424	NaN	-0.660951	-0.663587	NaN	-0.643551
55.2	-0.663423	NaN	-0.660952	-0.663587	NaN	-0.643554
55.3	-0.663423	NaN	-0.660948	-0.663586	NaN	-0.643557
55.4	-0.663422	NaN	-0.660945	-0.663586	NaN	-0.64356
55.5	-0.663422	NaN	-0.660941	-0.663586	NaN	-0.64356
55.6	-0.663421	NaN	-0.660943	-0.663585	NaN	-0.643564
55.7	-0.66342	NaN	-0.660939	-0.663585	NaN	-0.643564
55.8	-0.66342	NaN	-0.660936	-0.663584	NaN	-0.643565
55.9	-0.663419	NaN	-0.660933	-0.663584	NaN	-0.643566
56	-0.663419	NaN	-0.66093	-0.663584	NaN	-0.643567
56.1	-0.663418	NaN	-0.660927	-0.663583	NaN	-0.643568
56.2	-0.663418	NaN	-0.660924	-0.663583	NaN	-0.643569
56.3	-0.663417	NaN	-0.660921	-0.663583	NaN	-0.643573
56.4	-0.663417	NaN	-0.660918	-0.663582	NaN	-0.643574
56.5	-0.663416	NaN	-0.660915	-0.663582	NaN	-0.643576
56.6	-0.663415	NaN	-0.660912	-0.663581	NaN	-0.643577
56.7	-0.663415	NaN	-0.66091	-0.663581	NaN	-0.643579
56.8	-0.663414	NaN	-0.660907	-0.663581	NaN	-0.643584
56.9	-0.663414	NaN	-0.660904	-0.66358	NaN	-0.643585
57	-0.663413	NaN	-0.660902	-0.66358	NaN	-0.643587
57.1	-0.663413	NaN	-0.660899	-0.663579	NaN	-0.643589
57.2	-0.663412	NaN	-0.660897	-0.663579	NaN	-0.643588
57.3	-0.663412	NaN	-0.660894	-0.663579	NaN	-0.64359
57.4	-0.663411	NaN	-0.660892	-0.663578	NaN	-0.643589
57.5	-0.66341	NaN	-0.66089	-0.663578	NaN	-0.643591
57.6	-0.66341	NaN	-0.660888	-0.663578	NaN	-0.643594
57.7	-0.663409	NaN	-0.660885	-0.663577	NaN	-0.643596
57.8	-0.663409	NaN	-0.660883	-0.663577	NaN	-0.643599
57.9	-0.663408	NaN	-0.660881	-0.663576	NaN	-0.643598
58	-0.663408	NaN	-0.660879	-0.663576	NaN	-0.643598
58.1	-0.663407	NaN	-0.660877	-0.663576	NaN	-0.643598
58.2	-0.663406	NaN	-0.660875	-0.663575	NaN	-0.643601
58.3	-0.663406	NaN	-0.660873	-0.663575	NaN	-0.643601
58.4	-0.663405	NaN	-0.660871	-0.663574	NaN	-0.643601
58.5	-0.663405	NaN	-0.660869	-0.663574	NaN	-0.643601
58.6	-0.663404	NaN	-0.660867	-0.663574	NaN	-0.643601
58.7	-0.663404	NaN	-0.660865	-0.663573	NaN	-0.643601
58.8	-0.663403	NaN	-0.660863	-0.663573	NaN	-0.643602
58.9	-0.663403	NaN	-0.660862	-0.663573	NaN	-0.643602
59	-0.663402	NaN	-0.66086	-0.663572	NaN	-0.643606
59.1	-0.663401	NaN	-0.660858	-0.663572	NaN	-0.643607
59.2	-0.663401	NaN	-0.660857	-0.663571	NaN	-0.643607
59.3	-0.6634	NaN	-0.660855	-0.663571	NaN	-0.643608
59.4	-0.6634	NaN	-0.660854	-0.663571	NaN	-0.643609
59.5	-0.663399	NaN	-0.660852	-0.66357	NaN	-0.64361
59.6	-0.663399	NaN	-0.660851	-0.66357	NaN	-0.643611
59.7	-0.663398	NaN	-0.660849	-0.663569	NaN	-0.643609
59.8	-0.663398	NaN	-0.660848	-0.663569	NaN	-0.64361
59.9	-0.663397	NaN	-0.660846	-0.663569	NaN	-0.643612
60	-0.663396	NaN	-0.660845	-0.663568	NaN	-0.643613
60.1	-0.663396	NaN	-0.660844	-0.663568	NaN	-0.643611
60.2	-0.663395	NaN	-0.660843	-0.663568	NaN	-0.643613
60.3	-0.663395	NaN	-0.660841	-0.663567	NaN	-0.643611
60.4	-0.663394	NaN	-0.66084	-0.663567	NaN	-0.64361
60.5	-0.663394	NaN	-0.660839	-0.663566	NaN	-0.643612
60.6	-0.663393	NaN	-0.660838	-0.663566	NaN	-0.64361
60.7	-0.663392	NaN	-0.660837	-0.663566	NaN	-0.643609
60.8	-0.663392	NaN	-0.660836	-0.663565	NaN	-0.643608
60.9	-0.663391	NaN	-0.660835	-0.663565	NaN	-0.643607
61	-0.663391	NaN	-0.660834	-0.663564	NaN	-0.643606
61.1	-0.66339	NaN	-0.660833	-0.663564	NaN	-0.643606
61.2	-0.66339	NaN	-0.660832	-0.663564	NaN	-0.643605
61.3	-0.663389	NaN	-0.660831	-0.663563	NaN	-0.643604
61.4	-0.663388	NaN	-0.66083	-0.663563	NaN	-0.643604
61.5	-0.663388	NaN	-0.660829	-0.663563	NaN	-0.643603
61.6	-0.663387	NaN	-0.660829	-0.663562	NaN	-0.643603
61.7	-0.663387	NaN	-0.660828	-0.663562	NaN	-0.643602
61.8	-0.663386	NaN	-0.660827	-0.663561	NaN	-0.643602
61.9	-0.663386	NaN	-0.660827	-0.663561	NaN	-0.643602
62	-0.663385	NaN	-0.660826	-0.663561	NaN	-0.643602
62.1	-0.663384	NaN	-0.660825	-0.66356	NaN	-0.643602
62.2	-0.663384	NaN	-0.660825	-0.66356	NaN	-0.643602
62.3	-0.663383	NaN	-0.660824	-0.663559	NaN	-0.643602
62.4	-0.663383	NaN	-0.660824	-0.663559	NaN	-0.643602
62.5	-0.663382	NaN	-0.660823	-0.663559	NaN	-0.643602
62.6	-0.663382	NaN	-0.660823	-0.663558	NaN	-0.643599
62.7	-0.663381	NaN	-0.660822	-0.663558	NaN	-0.643599
62.8	-0.66338	NaN	-0.660822	-0.663557	NaN	-0.643597
62.9	-0.66338	NaN	-0.660821	-0.663557	NaN	-0.643597
63	-0.663379	NaN	-0.660821	-0.663557	NaN	-0.643595
63.1	-0.663379	NaN	-0.66082	-0.663556	NaN	-0.643595
63.2	-0.663378	NaN	-0.66082	-0.663556	NaN	-0.643593
63.3	-0.663378	NaN	-0.66082	-0.663555	NaN	-0.643594
63.4	-0.663377	NaN	-0.66082	-0.663555	NaN	-0.643591
63.5	-0.663376	NaN	-0.660819	-0.663555	NaN	-0.643589
63.6	-0.663376	NaN	-0.660819	-0.663554	NaN	-0.643587
63.7	-0.663375	NaN	-0.660819	-0.663554	NaN	-0.643585
63.8	-0.663375	NaN	-0.660819	-0.663554	NaN	-0.643583
63.9	-0.663374	NaN	-0.660819	-0.663553	NaN	-0.643581
64	-0.663374	NaN	-0.660819	-0.663553	NaN	-0.643579
64.1	-0.663373	NaN	-0.660818	-0.663552	NaN	-0.643577
64.2	-0.663372	NaN	-0.660818	-0.663552	NaN	-0.643579
64.3	-0.663372	NaN	-0.660818	-0.663552	NaN	-0.643577
64.4	-0.663371	NaN	-0.660818	-0.663551	NaN	-0.643576
64.5	-0.663371	NaN	-0.660818	-0.663551	NaN	-0.643574
64.6	-0.66337	NaN	-0.660818	-0.66355	NaN	-0.643573
64.7	-0.66337	NaN	-0.660819	-0.66355	NaN	-0.643571
64.8	-0.663369	NaN	-0.660819	-0.66355	NaN	-0.64357
64.9	-0.663368	NaN	-0.660819	-0.663549	NaN	-0.643569
65	-0.663368	NaN	-0.660819	-0.663549	NaN	-0.643568
65.1	-0.663367	NaN	-0.660819	-0.663548	NaN	-0.643566
65.2	-0.663367	NaN	-0.660819	-0.663548	NaN	-0.643565
65.3	-0.663366	NaN	-0.660819	-0.663548	NaN	-0.643564
65.4	-0.663365	NaN	-0.66082	-0.663547	NaN	-0.643563
65.5	-0.663365	NaN	-0.66082	-0.663547	NaN	-0.643563
65.6	-0.663364	NaN	-0.66082	-0.663546	NaN	-0.643562
65.7	-0.663364	NaN	-0.66082	-0.663546	NaN	-0.643561
65.8	-0.663363	NaN	-0.660821	-0.663546	NaN	-0.643557
65.9	-0.663363	NaN	-0.660821	-0.663545	NaN	-0.643556
66	-0.663362	NaN	-0.660821	-0.663545	NaN	-0.643556
66.1	-0.663361	NaN	-0.660822	-0.663544	NaN	-0.643552
66.2	-0.663361	NaN	-0.660822	-0.663544	NaN	-0.643552
66.3	-0.66336	NaN	-0.660823	-0.663544	NaN	-0.643548
66.4	-0.66336	NaN	-0.660823	-0.663543	NaN	-0.643548
66.5	-0.663359	NaN	-0.660823	-0.663543	NaN	-0.643548
66.6	-0.663358	NaN	-0.660824	-0.663542	NaN	-0.643544
66.7	-0.663358	NaN	-0.660824	-0.663542	NaN	-0.643541
66.8	-0.663357	NaN	-0.660825	-0.663542	NaN	-0.643541
66.9	-0.663357	NaN	-0.660826	-0.663541	NaN	-0.643538
67	-0.663356	NaN	-0.660826	-0.663541	NaN	-0.643534
67.1	-0.663356	NaN	-0.660827	-0.66354	NaN	-0.643531
67.2	-0.663355	NaN	-0.660827	-0.66354	NaN	-0.643528
67.3	-0.663354	NaN	-0.660828	-0.66354	NaN	-0.643525
67.4	-0.663354	NaN	-0.660828	-0.663539	NaN	-0.643523
67.5	-0.663353	NaN	-0.660829	-0.663539	NaN	-0.64352
67.6	-0.663353	NaN	-0.66083	-0.663538	NaN	-0.643517
67.7	-0.663352	NaN	-0.66083	-0.663538	NaN	-0.643514
67.8	-0.663351	NaN	-0.660831	-0.663538	NaN	-0.643512
67.9	-0.663351	NaN	-0.660832	-0.663537	NaN	-0.643509
68	-0.66335	NaN	-0.660833	-0.663537	NaN	-0.643507
68.1	-0.66335	NaN	-0.660833	-0.663536	NaN	-0.643504
68.2	-0.663349	NaN	-0.660834	-0.663536	NaN	-0.643502
68.3	-0.663349	NaN	-0.660835	-0.663536	NaN	-0.6435
68.4	-0.663348	NaN	-0.660836	-0.663535	NaN	-0.643497
68.5	-0.663347	NaN	-0.660837	-0.663535	NaN	-0.643495
68.6	-0.663347	NaN	-0.660837	-0.663534	NaN	-0.643493
68.7	-0.663346	NaN	-0.660838	-0.663534	NaN	-0.643491
68.8	-0.663346	NaN	-0.660839	-0.663534	NaN	-0.643489
68.9	-0.663345	NaN	-0.66084	-0.663533	NaN	-0.643487
69	-0.663344	NaN	-0.660841	-0.663533	NaN	-0.643485
69.1	-0.663344	NaN	-0.660842	-0.663532	NaN	-0.643483
69.2	-0.663343	NaN	-0.660843	-0.663532	NaN	-0.643481
69.3	-0.663343	NaN	-0.660844	-0.663532	NaN	-0.643479
69.4	-0.663342	NaN	-0.660845	-0.663531	NaN	-0.643478
69.5	-0.663341	NaN	-0.660846	-0.663531	NaN	-0.643476
69.6	-0.663341	NaN	-0.660847	-0.66353	NaN	-0.643474
69.7	-0.66334	NaN	-0.660848	-0.66353	NaN	-0.643469
69.8	-0.66334	NaN	-0.660849	-0.66353	NaN	-0.643468
69.9	-0.663339	NaN	-0.66085	-0.663529	NaN	-0.643466
70	-0.663338	NaN	-0.660851	-0.663529	NaN	-0.643462
70.1	-0.663338	NaN	-0.660852	-0.663528	NaN	-0.64346
70.2	-0.663337	NaN	-0.660853	-0.663528	NaN	-0.643459
70.3	-0.663337	NaN	-0.660854	-0.663528	NaN	-0.643454
70.4	-0.663336	NaN	-0.660855	-0.663527	NaN	-0.643453
70.5	-0.663336	NaN	-0.660856	-0.663527	NaN	-0.643449
70.6	-0.663335	NaN	-0.660858	-0.663526	NaN	-0.643448
70.7	-0.663334	NaN	-0.660859	-0.663526	NaN	-0.643444
70.8	-0.663334	NaN	-0.66086	-0.663526	NaN	-0.643439
70.9	-0.663333	NaN	-0.660861	-0.663525	NaN	-0.643439
71	-0.663333	NaN	-0.660862	-0.663525	NaN	-0.643434
71.1	-0.663332	NaN	-0.660864	-0.663524	NaN	-0.64343
71.2	-0.663331	NaN	-0.660865	-0.663524	NaN	-0.643426
71.3	-0.663331	NaN	-0.660866	-0.663524	NaN	-0.643426
71.4	-0.66333	NaN	-0.660867	-0.663523	NaN	-0.643422
71.5	-0.66333	NaN	-0.660868	-0.663523	NaN	-0.643418
71.6	-0.663329	NaN	-0.66087	-0.663522	NaN	-0.643414
71.7	-0.663328	NaN	-0.660871	-0.663522	NaN	-0.64341
71.8	-0.663328	NaN	-0.660872	-0.663522	NaN	-0.643407
71.9	-0.663327	NaN	-0.660874	-0.663521	NaN	-0.643403
72	-0.663327	NaN	-0.660875	-0.663521	NaN	-0.6434
72.1	-0.663326	NaN	-0.660876	-0.66352	NaN	-0.643396
72.2	-0.663325	NaN	-0.660878	-0.66352	NaN	-0.643396
72.3	-0.663325	NaN	-0.660879	-0.663519	NaN	-0.643393
72.4	-0.663324	NaN	-0.66088	-0.663519	NaN	-0.643389
72.5	-0.663324	NaN	-0.660882	-0.663519	NaN	-0.643386
72.6	-0.663323	NaN	-0.660883	-0.663518	NaN	-0.643383
72.7	-0.663322	NaN	-0.660885	-0.663518	NaN	-0.643379
72.8	-0.663322	NaN	-0.660886	-0.663517	NaN	-0.643376
72.9	-0.663321	NaN	-0.660887	-0.663517	NaN	-0.643373
73	-0.663321	NaN	-0.660889	-0.663517	NaN	-0.64337
73.1	-0.66332	NaN	-0.66089	-0.663516	NaN	-0.643367
73.2	-0.663319	NaN	-0.660892	-0.663516	NaN	-0.643364
73.3	-0.663319	NaN	-0.660893	-0.663515	NaN	-0.643361
73.4	-0.663318	NaN	-0.660895	-0.663515	NaN	-0.643358
73.5	-0.663318	NaN	-0.660896	-0.663515	NaN	-0.643355
73.6	-0.663317	NaN	-0.660898	-0.663514	NaN	-0.643352
73.7	-0.663316	NaN	-0.660899	-0.663514	NaN	-0.64335
73.8	-0.663316	NaN	-0.660901	-0.663513	NaN	-0.643347
73.9	-0.663315	NaN	-0.660902	-0.663513	NaN	-0.643344
74	-0.663315	NaN	-0.660904	-0.663512	NaN	-0.643341
74.1	-0.663314	NaN	-0.660905	-0.663512	NaN	-0.643339
74.2	-0.663313	NaN	-0.660907	-0.663512	NaN	-0.643336
74.3	-0.663313	NaN	-0.660909	-0.663511	NaN	-0.643334
74.4	-0.663312	NaN	-0.66091	-0.663511	NaN	-0.643331
74.5	-0.663312	NaN	-0.660912	-0.66351	NaN	-0.643329
74.6	-0.663311	NaN	-0.660913	-0.66351	NaN	-0.643323
74.7	-0.66331	NaN	-0.660915	-0.66351	NaN	-0.643321
74.8	-0.66331	NaN	-0.660917	-0.663509	NaN	-0.643318
74.9	-0.663309	NaN	-0.660918	-0.663509	NaN	-0.643316
75	-0.663308	NaN	-0.66092	-0.663508	NaN	-0.643311
75.1	-0.663308	NaN	-0.660922	-0.663508	NaN	-0.643309
75.2	-0.663307	NaN	-0.660923	-0.663508	NaN	-0.643303
75.3	-0.663307	NaN	-0.660925	-0.663507	NaN	-0.643301
75.4	-0.663306	NaN	-0.660926	-0.663507	NaN	-0.643299
75.5	-0.663305	NaN	-0.660928	-0.663506	NaN	-0.643294
75.6	-0.663305	NaN	-0.66093	-0.663506	NaN	-0.643289
75.7	-0.663304	NaN	-0.660932	-0.663505	NaN	-0.643284
75.8	-0.663304	NaN	-0.660933	-0.663505	NaN	-0.643282
75.9	-0.663303	NaN	-0.660935	-0.663505	NaN	-0.64328
76	-0.663302	NaN	-0.660937	-0.663504	NaN	-0.643275
76.1	-0.663302	NaN	-0.660938	-0.663504	NaN	-0.64327
76.2	-0.663301	NaN	-0.66094	-0.663503	NaN	-0.643265
76.3	-0.663301	NaN	-0.660942	-0.663503	NaN	-0.643261
76.4	-0.6633	NaN	-0.660944	-0.663503	NaN	-0.643256
76.5	-0.663299	NaN	-0.660945	-0.663502	NaN	-0.643251
76.6	-0.663299	NaN	-0.660947	-0.663502	NaN	-0.643247
76.7	-0.663298	NaN	-0.660949	-0.663501	NaN	-0.643242
76.8	-0.663297	NaN	-0.660951	-0.663501	NaN	-0.643237
76.9	-0.663297	NaN	-0.660953	-0.6635	NaN	-0.643233
77	-0.663296	NaN	-0.660954	-0.6635	NaN	-0.643229
77.1	-0.663296	NaN	-0.660956	-0.6635	NaN	-0.643224
77.2	-0.663295	NaN	-0.660958	-0.663499	NaN	-0.64322
77.3	-0.663294	NaN	-0.66096	-0.663499	NaN	-0.643215
77.4	-0.663294	NaN	-0.660962	-0.663498	NaN	-0.643211
77.5	-0.663293	NaN	-0.660963	-0.663498	NaN	-0.643207
77.6	-0.663293	NaN	-0.660965	-0.663498	NaN	-0.643203
77.7	-0.663292	NaN	-0.660967	-0.663497	NaN	-0.643198
77.8	-0.663291	NaN	-0.660969	-0.663497	NaN	-0.643194
77.9	-0.663291	NaN	-0.660971	-0.663496	NaN	-0.64319
78	-0.66329	NaN	-0.660973	-0.663496	NaN	-0.643186
78.1	-0.66329	NaN	-0.660975	-0.663495	NaN	-0.643182
78.2	-0.663289	NaN	-0.660977	-0.663495	NaN	-0.643178
78.3	-0.663288	NaN	-0.660978	-0.663495	NaN	-0.643174
78.4	-0.663288	NaN	-0.66098	-0.663494	NaN	-0.64317
78.5	-0.663287	NaN	-0.660982	-0.663494	NaN	-0.643166
78.6	-0.663286	NaN	-0.660984	-0.663493	NaN	-0.643163
78.7	-0.663286	NaN	-0.660986	-0.663493	NaN	-0.643159
78.8	-0.663285	NaN	-0.660988	-0.663493	NaN	-0.643155
78.9	-0.663285	NaN	-0.66099	-0.663492	NaN	-0.643151
79	-0.663284	NaN	-0.660992	-0.663492	NaN	-0.643148
79.1	-0.663283	NaN	-0.660994	-0.663491	NaN	-0.643144
79.2	-0.663283	NaN	-0.660996	-0.663491	NaN	-0.64314
79.3	-0.663282	NaN	-0.660998	-0.66349	NaN	-0.643137
79.4	-0.663281	NaN	-0.661	-0.66349	NaN	-0.643133
79.5	-0.663281	NaN	-0.661002	-0.66349	NaN	-0.64313
79.6	-0.66328	NaN	-0.661003	-0.663489	NaN	-0.643126
79.7	-0.66328	NaN	-0.661005	-0.663489	NaN	-0.643123
79.8	-0.663279	NaN	-0.661007	-0.663488	NaN	-0.643119
79.9	-0.663278	NaN	-0.661009	-0.663488	NaN	-0.643116
80	-0.663278	NaN	-0.661011	-0.663487	NaN	-0.643112
80.1	-0.663277	NaN	-0.661013	-0.663487	NaN	-0.643109
80.2	-0.663276	NaN	-0.661015	-0.663487	NaN	-0.643106
80.3	-0.663276	NaN	-0.661017	-0.663486	NaN	-0.643103
80.4	-0.663275	NaN	-0.661019	-0.663486	NaN	-0.643096
80.5	-0.663275	NaN	-0.661021	-0.663485	NaN	-0.643093
80.6	-0.663274	NaN	-0.661023	-0.663485	NaN	-0.643087
80.7	-0.663273	NaN	-0.661025	-0.663484	NaN	-0.643084
80.8	-0.663273	NaN	-0.661027	-0.663484	NaN	-0.643081
80.9	-0.663272	NaN	-0.661029	-0.663484	NaN	-0.643074
81	-0.663271	NaN	-0.661031	-0.663483	NaN	-0.643072
81.1	-0.663271	NaN	-0.661033	-0.663483	NaN	-0.643065
81.2	-0.66327	NaN	-0.661035	-0.663482	NaN	-0.643063
81.3	-0.66327	NaN	-0.661038	-0.663482	NaN	-0.643056
81.4	-0.663269	NaN	-0.66104	-0.663481	NaN	-0.643054
81.5	-0.663268	NaN	-0.661042	-0.663481	NaN	-0.643051
81.6	-0.663268	NaN	-0.661044	-0.663481	NaN	-0.643045
81.7	-0.663267	NaN	-0.661046	-0.66348	NaN	-0.643042
81.8	-0.663266	NaN	-0.661048	-0.66348	NaN	-0.643036
81.9	-0.663266	NaN	-0.66105	-0.663479	NaN	-0.643031
82	-0.663265	NaN	-0.661052	-0.663479	NaN	-0.643028
82.1	-0.663265	NaN	-0.661054	-0.663479	NaN	-0.643022
82.2	-0.663264	NaN	-0.661056	-0.663478	NaN	-0.643017
82.3	-0.663263	NaN	-0.661058	-0.663478	NaN	-0.643014
82.4	-0.663263	NaN	-0.66106	-0.663477	NaN	-0.643008
82.5	-0.663262	NaN	-0.661062	-0.663477	NaN	-0.643003
82.6	-0.663261	NaN	-0.661064	-0.663476	NaN	-0.642997
82.7	-0.663261	NaN	-0.661067	-0.663476	NaN	-0.642992
82.8	-0.66326	NaN	-0.661069	-0.663476	NaN	-0.642986
82.9	-0.66326	NaN	-0.661071	-0.663475	NaN	-0.642981
83	-0.663259	NaN	-0.661073	-0.663475	NaN	-0.642976
83.1	-0.663258	NaN	-0.661075	-0.663474	NaN	-0.64297
83.2	-0.663258	NaN	-0.661077	-0.663474	NaN	-0.642965
83.3	-0.663257	NaN	-0.661079	-0.663473	NaN	-0.64296
83.4	-0.663256	NaN	-0.661081	-0.663473	NaN	-0.642955
83.5	-0.663256	NaN	-0.661083	-0.663472	NaN	-0.64295
83.6	-0.663255	NaN	-0.661086	-0.663472	NaN	-0.642944
83.7	-0.663254	NaN	-0.661088	-0.663472	NaN	-0.642939
83.8	-0.663254	NaN	-0.66109	-0.663471	NaN	-0.642934
83.9	-0.663253	NaN	-0.661092	-0.663471	NaN	-0.642929
84	-0.663252	NaN	-0.661094	-0.66347	NaN	-0.642924
84.1	-0.663252	NaN	-0.661096	-0.66347	NaN	-0.642919
84.2	-0.663251	NaN	-0.661098	-0.663469	NaN	-0.642914
84.3	-0.663251	NaN	-0.661101	-0.663469	NaN	-0.642909
84.4	-0.66325	NaN	-0.661103	-0.663469	NaN	-0.642904
84.5	-0.663249	NaN	-0.661105	-0.663468	NaN	-0.6429
84.6	-0.663249	NaN	-0.661107	-0.663468	NaN	-0.642895
84.7	-0.663248	NaN	-0.661109	-0.663467	NaN	-0.64289
84.8	-0.663247	NaN	-0.661111	-0.663467	NaN	-0.642885
84.9	-0.663247	NaN	-0.661114	-0.663466	NaN	-0.642881
85	-0.663246	NaN	-0.661116	-0.663466	NaN	-0.642876
85.1	-0.663245	NaN	-0.661118	-0.663466	NaN	-0.642871
85.2	-0.663245	NaN	-0.66112	-0.663465	NaN	-0.642867
85.3	-0.663244	NaN	-0.661122	-0.663465	NaN	-0.642862
85.4	-0.663244	NaN	-0.661125	-0.663464	NaN	-0.642857
85.5	-0.663243	NaN	-0.661127	-0.663464	NaN	-0.642853
85.6	-0.663242	NaN	-0.661129	-0.663463	NaN	-0.642848
85.7	-0.663242	NaN	-0.661131	-0.663463	NaN	-0.642844
85.8	-0.663241	NaN	-0.661133	-0.663462	NaN	-0.642839
85.9	-0.66324	NaN	-0.661135	-0.663462	NaN	-0.642835
86	-0.66324	NaN	-0.661138	-0.663462	NaN	-0.642831
86.1	-0.663239	NaN	-0.66114	-0.663461	NaN	-0.642826
86.2	-0.663238	NaN	-0.661142	-0.663461	NaN	-0.642822
86.3	-0.663238	NaN	-0.661144	-0.66346	NaN	-0.642818
86.4	-0.663237	NaN	-0.661146	-0.66346	NaN	-0.642813
86.5	-0.663236	NaN	-0.661149	-0.663459	NaN	-0.642809
86.6	-0.663236	NaN	-0.661151	-0.663459	NaN	-0.642805
86.7	-0.663235	NaN	-0.661153	-0.663459	NaN	-0.642801
86.8	-0.663234	NaN	-0.661155	-0.663458	NaN	-0.642796
86.9	-0.663234	NaN	-0.661157	-0.663458	NaN	-0.642792
87	-0.663233	NaN	-0.66116	-0.663457	NaN	-0.642788
87.1	-0.663233	NaN	-0.661162	-0.663457	NaN	-0.642784
87.2	-0.663232	NaN	-0.661164	-0.663456	NaN	-0.64278
87.3	-0.663231	NaN	-0.661166	-0.663456	NaN	-0.642776
87.4	-0.663231	NaN	-0.661169	-0.663455	NaN	-0.642772
87.5	-0.66323	NaN	-0.661171	-0.663455	NaN	-0.642768
87.6	-0.663229	NaN	-0.661173	-0.663455	NaN	-0.642764
87.7	-0.663229	NaN	-0.661175	-0.663454	NaN	-0.64276
87.8	-0.663228	NaN	-0.661177	-0.663454	NaN	-0.642756
87.9	-0.663227	NaN	-0.66118	-0.663453	NaN	-0.642752
88	-0.663227	NaN	-0.661182	-0.663453	NaN	-0.642748
88.1	-0.663226	NaN	-0.661184	-0.663452	NaN	-0.642745
88.2	-0.663225	NaN	-0.661186	-0.663452	NaN	-0.642741
88.3	-0.663225	NaN	-0.661189	-0.663451	NaN	-0.642734
88.4	-0.663224	NaN	-0.661191	-0.663451	NaN	-0.64273
88.5	-0.663223	NaN	-0.661193	-0.663451	NaN	-0.642727
88.6	-0.663223	NaN	-0.661195	-0.66345	NaN	-0.64272
88.7	-0.663222	NaN	-0.661197	-0.66345	NaN	-0.642716
88.8	-0.663221	NaN	-0.6612	-0.663449	NaN	-0.642709
88.9	-0.663221	NaN	-0.661202	-0.663449	NaN	-0.642706
89	-0.66322	NaN	-0.661204	-0.663448	NaN	-0.642702
89.1	-0.663219	NaN	-0.661206	-0.663448	NaN	-0.642696
89.2	-0.663219	NaN	-0.661209	-0.663447	NaN	-0.642692
89.3	-0.663218	NaN	-0.661211	-0.663447	NaN	-0.642686
89.4	-0.663218	NaN	-0.661213	-0.663446	NaN	-0.642682
89.5	-0.663217	NaN	-0.661215	-0.663446	NaN	-0.642676
89.6	-0.663216	NaN	-0.661218	-0.663446	NaN	-0.642673
89.7	-0.663216	NaN	-0.66122	-0.663445	NaN	-0.642666
89.8	-0.663215	NaN	-0.661222	-0.663445	NaN	-0.642663
89.9	-0.663214	NaN	-0.661224	-0.663444	NaN	-0.642656
90	-0.663214	NaN	-0.661227	-0.663444	NaN	-0.64265
90.1	-0.663213	NaN	-0.661229	-0.663443	NaN	-0.642647
90.2	-0.663212	NaN	-0.661231	-0.663443	NaN	-0.642641
90.3	-0.663212	NaN	-0.661233	-0.663442	NaN	-0.642634
90.4	-0.663211	NaN	-0.661236	-0.663442	NaN	-0.642631
90.5	-0.66321	NaN	-0.661238	-0.663441	NaN	-0.642628
90.6	-0.66321	NaN	-0.66124	-0.663441	NaN	-0.642622
90.7	-0.663209	NaN	-0.661243	-0.66344	NaN	-0.642616
90.8	-0.663208	NaN	-0.661245	-0.66344	NaN	-0.64261
90.9	-0.663208	NaN	-0.661247	-0.66344	NaN	-0.642604
91	-0.663207	NaN	-0.661249	-0.663439	NaN	-0.642598
91.1	-0.663206	NaN	-0.661252	-0.663439	NaN	-0.642592
91.2	-0.663205	NaN	-0.661254	-0.663438	NaN	-0.642586
91.3	-0.663205	NaN	-0.661256	-0.663438	NaN	-0.64258
91.4	-0.663204	NaN	-0.661258	-0.663437	NaN	-0.642577
91.5	-0.663203	NaN	-0.661261	-0.663437	NaN	-0.642571
91.6	-0.663203	NaN	-0.661263	-0.663436	NaN	-0.642565
91.7	-0.663202	NaN	-0.661265	-0.663436	NaN	-0.64256
91.8	-0.663201	NaN	-0.661267	-0.663435	NaN	-0.642554
91.9	-0.663201	NaN	-0.66127	-0.663435	NaN	-0.642548
92	-0.6632	NaN	-0.661272	-0.663434	NaN	-0.642542
92.1	-0.663199	NaN	-0.661274	-0.663434	NaN	-0.642537
92.2	-0.663199	NaN	-0.661276	-0.663433	NaN	-0.642531
92.3	-0.663198	NaN	-0.661279	-0.663433	NaN	-0.642525
92.4	-0.663197	NaN	-0.661281	-0.663432	NaN	-0.64252
92.5	-0.663196	NaN	-0.661283	-0.663432	NaN	-0.642514
92.6	-0.663196	NaN	-0.661286	-0.663431	NaN	-0.642508
92.7	-0.663195	NaN	-0.661288	-0.663431	NaN	-0.642503
92.8	-0.663194	NaN	-0.66129	-0.66343	NaN	-0.642497
92.9	-0.663194	NaN	-0.661292	-0.66343	NaN	-0.642492
93	-0.663193	NaN	-0.661295	-0.663429	NaN	-0.642487
93.1	-0.663192	NaN	-0.661297	-0.663429	NaN	-0.642481
93.2	-0.663191	NaN	-0.661299	-0.663428	NaN	-0.642476
93.3	-0.663191	NaN	-0.661301	-0.663428	NaN	-0.64247
93.4	-0.66319	NaN	-0.661304	-0.663427	NaN	-0.642465
93.5	-0.663189	NaN	-0.661306	-0.663426	NaN	-0.64246
93.6	-0.663188	NaN	-0.661308	-0.663426	NaN	-0.642454
93.7	-0.663188	NaN	-0.66131	-0.663425	NaN	-0.642449
93.8	-0.663187	NaN	-0.661313	-0.663425	NaN	-0.642444
93.9	-0.663186	NaN	-0.661315	-0.663424	NaN	-0.642439
94	-0.663185	NaN	-0.661317	-0.663424	NaN	-0.642433
94.1	-0.663184	NaN	-0.66132	-0.663423	NaN	-0.642428
94.2	-0.663184	NaN	-0.661322	-0.663422	NaN	-0.642423
94.3	-0.663183	NaN	-0.661324	-0.663422	NaN	-0.642418
94.4	-0.663182	NaN	-0.661326	-0.663421	NaN	-0.642413
94.5	-0.663181	NaN	-0.661329	-0.663421	NaN	-0.642408
94.6	-0.66318	NaN	-0.661331	-0.66342	NaN	-0.642403
94.7	-0.663179	NaN	-0.661333	-0.663419	NaN	-0.642398
94.8	-0.663179	NaN	-0.661335	-0.663419	NaN	-0.642393
94.9	-0.663178	NaN	-0.661338	-0.663418	NaN	-0.642388
95	-0.663177	NaN	-0.66134	-0.663417	NaN	-0.642383
95.1	-0.663176	NaN	-0.661342	-0.663417	NaN	-0.642378
95.2	-0.663175	NaN	-0.661345	-0.663416	NaN	-0.642373
95.3	-0.663174	NaN	-0.661347	-0.663415	NaN	-0.642368
95.4	-0.663173	NaN	-0.661349	-0.663414	NaN	-0.642363
95.5	-0.663172	NaN	-0.661351	-0.663414	NaN	-0.642358
95.6	-0.663171	NaN	-0.661354	-0.663413	NaN	-0.642354
95.7	-0.66317	NaN	-0.661356	-0.663412	NaN	-0.642349
95.8	-0.663169	NaN	-0.661358	-0.663411	NaN	-0.642344
95.9	-0.663168	NaN	-0.66136	-0.66341	NaN	-0.642339
96	-0.663166	NaN	-0.661363	-0.663409	NaN	-0.642335
96.1	-0.663165	NaN	-0.661365	-0.663408	NaN	-0.64233
96.2	-0.663164	NaN	-0.661367	-0.663408	NaN	-0.642325
96.3	-0.663163	NaN	-0.661369	-0.663407	NaN	-0.64232
96.4	-0.663161	NaN	-0.661372	-0.663406	NaN	-0.642316
96.5	-0.66316	NaN	-0.661374	-0.663404	NaN	-0.642311
96.6	-0.663158	NaN	-0.661376	-0.663403	NaN	-0.642307
96.7	-0.663157	NaN	-0.661378	-0.663402	NaN	-0.642302
96.8	-0.663155	NaN	-0.661381	-0.663401	NaN	-0.642298
96.9	-0.663154	NaN	-0.661383	-0.6634	NaN	-0.642293
97	-0.663152	NaN	-0.661385	-0.663399	NaN	-0.642289
97.1	-0.66315	NaN	-0.661388	-0.663397	NaN	-0.642284
97.2	-0.663149	NaN	-0.66139	-0.663396	NaN	-0.64228
97.3	-0.663147	NaN	-0.661392	-0.663394	NaN	-0.642275
97.4	-0.663145	NaN	-0.661394	-0.663393	NaN	-0.642271
97.5	-0.663143	NaN	-0.661397	-0.663391	NaN	-0.642266
97.6	-0.66314	NaN	-0.661399	-0.66339	NaN	-0.642262
97.7	-0.663138	NaN	-0.661401	-0.663388	NaN	-0.642258
97.8	-0.663136	NaN	-0.661403	-0.663386	NaN	-0.642253
97.9	-0.663133	NaN	-0.661406	-0.663384	NaN	-0.642249
98	-0.66313	NaN	-0.661408	-0.663382	NaN	-0.642245
98.1	-0.663127	NaN	-0.66141	-0.66338	NaN	-0.642241
98.2	-0.663124	NaN	-0.661412	-0.663378	NaN	-0.642236
98.3	-0.663121	NaN	-0.661415	-0.663375	NaN	-0.642232
98.4	-0.663118	NaN	-0.661417	-0.663373	NaN	-0.642228
98.5	-0.663114	NaN	-0.661419	-0.66337	NaN	-0.642224
98.6	-0.66311	NaN	-0.661421	-0.663368	NaN	-0.64222
98.7	-0.663106	NaN	-0.661424	-0.663365	NaN	-0.642215
98.8	-0.663102	NaN	-0.661426	-0.663362	NaN	-0.642211
98.9	-0.663097	NaN	-0.661428	-0.663358	NaN	-0.642204
99	-0.663092	NaN	-0.66143	-0.663355	NaN	-0.6422
99.1	-0.663087	NaN	-0.661433	-0.663351	NaN	-0.642196
99.2	-0.663082	NaN	-0.661435	-0.663347	NaN	-0.642189
99.3	-0.663076	NaN	-0.661437	-0.663343	NaN	-0.642185
99.4	-0.663069	NaN	-0.661439	-0.663339	NaN	-0.642178
99.5	-0.663063	NaN	-0.661442	-0.663334	NaN	-0.642174
99.6	-0.663055	NaN	-0.661444	-0.663329	NaN	-0.64217
99.7	-0.663048	NaN	-0.661446	-0.663324	NaN	-0.642163
99.8	-0.66304	NaN	-0.661448	-0.663318	NaN	-0.64216
99.9	-0.663031	NaN	-0.661451	-0.663312	NaN	-0.642156
100	-0.663022	NaN	-0.661453	-0.663306	NaN	-0.642149
