x	rho_sf	rho_sf_ana	rho_pin	rho_pin_ana	rho_crit
-7.4707	0	6.2255e-37	0	2.913e-06	0
-7.4414	0	8.754e-37	0	3.2738e-06	0
-7.4121	0	1.231e-36	0	3.6793e-06	0
-7.3828	0	1.7309e-36	0	4.135e-06	0
-7.3535	0	2.4339e-36	0	4.6472e-06	0
-7.3242	0	3.4225e-36	0	5.2228e-06	0
-7.2949	0	4.8126e-36	0	5.8697e-06	0
-7.2656	0	6.7673e-36	0	6.5967e-06	0
-7.2363	0	9.5158e-36	0	7.4138e-06	0
-7.207	0	1.3381e-35	0	8.332e-06	0
-7.1777	0	1.8815e-35	0	9.364e-06	0
-7.1484	0	2.6458e-35	0	1.0524e-05	0
-7.1191	0	3.7203e-35	0	1.1827e-05	0
-7.0898	0	5.2314e-35	0	1.3292e-05	0
-7.0605	0	7.3562e-35	0	1.4939e-05	0
-7.0312	0	1.0344e-34	0	1.6789e-05	0
-7.002	0	1.4545e-34	0	1.8868e-05	0
-6.9727	0	2.0453e-34	0	2.1205e-05	0
-6.9434	0	2.876e-34	0	2.3832e-05	0
-6.9141	0	4.0441e-34	0	2.6784e-05	0
-6.8848	0	5.6866e-34	0	3.0101e-05	0
-6.8555	0	7.9963e-34	0	3.3829e-05	0
-6.8262	0	1.1244e-33	0	3.8019e-05	0
-6.7969	0	1.5811e-33	0	4.2728e-05	0
-6.7676	0	2.2233e-33	0	4.802e-05	0
-6.7383	0	3.1263e-33	0	5.3968e-05	0
-6.709	0	4.396e-33	0	6.0652e-05	0
-6.6797	0	6.1815e-33	0	6.8164e-05	0
-6.6504	0	8.6922e-33	0	7.6606e-05	0
-6.6211	0	1.2223e-32	0	8.6095e-05	0
-6.5918	0	1.7187e-32	0	9.6758e-05	0
-6.5625	0	2.4168e-32	0	0.00010874	0
-6.5332	0	3.3983e-32	0	0.00012221	0
-6.5039	0	4.7786e-32	0	0.00013734	0
-6.4746	0	6.7195e-32	0	0.00015436	0
-6.4453	0	9.4486e-32	0	0.00017347	0
-6.416	0	1.3286e-31	0	0.00019496	0
-6.3867	0	1.8683e-31	0	0.0002191	0
-6.3574	0	2.6271e-31	0	0.00024623	0
-6.3281	0	3.6941e-31	0	0.00027673	0
-6.2988	0	5.1944e-31	0	0.000311	0
-6.2695	0	7.3042e-31	0	0.00034951	0
-6.2402	0	1.0271e-30	0	0.00039279	0
-6.2109	0	1.4442e-30	0	0.00044144	0
-6.1816	0	2.0308e-30	0	0.0004961	0
-6.1523	0	2.8557e-30	0	0.00055753	0
-6.123	0	4.0155e-30	0	0.00062656	0
-6.0938	0	5.6465e-30	0	0.00070414	0
-6.0645	0	7.9398e-30	0	0.00079132	0
-6.0352	0	1.1165e-29	0	0.00088929	0
-6.0059	0	1.5699e-29	0	0.00099938	0
-5.9766	4.235e-19	2.2076e-29	1.9358e-05	0.0011231	3.2965e-09
-5.9473	1.3664e-18	3.1042e-29	6.204e-05	0.0012621	1.0552e-08
-5.918	2.9338e-18	4.365e-29	0.00013183	0.0014183	2.2379e-08
-5.8887	5.161e-18	6.1379e-29	0.00022867	0.0015939	3.8713e-08
-5.8594	8.1309e-18	8.6308e-29	0.00035391	0.0017911	5.9715e-08
-5.8301	1.1953e-17	1.2136e-28	0.00050933	0.0020127	8.559e-08
-5.8008	1.6766e-17	1.7066e-28	0.00069701	0.0022617	1.1657e-07
-5.7715	2.2744e-17	2.3997e-28	0.00091957	0.0025415	1.5296e-07
-5.7422	3.0101e-17	3.3743e-28	0.00118	0.0028558	1.9509e-07
-5.7129	3.9101e-17	4.7448e-28	0.0014819	0.003209	2.4336e-07
-5.6836	5.0061e-17	6.672e-28	0.0018294	0.0036057	2.9822e-07
-5.6543	6.3368e-17	9.3819e-28	0.0022273	0.0040514	3.6019e-07
-5.625	7.9482e-17	1.3192e-27	0.0026809	0.0045521	4.2985e-07
-5.5957	9.896e-17	1.8551e-27	0.0031964	0.0051145	5.0784e-07
-5.5664	1.2247e-16	2.6085e-27	0.0037809	0.0057461	5.9491e-07
-5.5371	1.508e-16	3.668e-27	0.0044423	0.0064555	6.9187e-07
-5.5078	1.849e-16	5.1578e-27	0.0051895	0.0072522	7.9963e-07
-5.4785	2.259e-16	7.2526e-27	0.0060326	0.0081468	9.192e-07
-5.4492	2.7515e-16	1.0198e-26	0.0069831	0.0091512	1.0517e-06
-5.4199	3.3424e-16	1.434e-26	0.0080537	0.010279	1.1984e-06
-5.3906	4.0507e-16	2.0165e-26	0.0092588	0.011544	1.3606e-06
-5.3613	4.8988e-16	2.8355e-26	0.010614	0.012965	1.5399e-06
-5.332	5.9134e-16	3.9872e-26	0.012139	0.014559	1.738e-06
-5.3027	7.1258e-16	5.6066e-26	0.013852	0.016348	1.9567e-06
-5.2734	8.5733e-16	7.8838e-26	0.015776	0.018354	2.1981e-06
-5.2441	1.03e-15	1.1086e-25	0.017937	0.020603	2.4644e-06
-5.2148	1.2357e-15	1.5588e-25	0.020363	0.023125	2.7581e-06
-5.1855	1.4805e-15	2.192e-25	0.023085	0.025952	3.0821e-06
-5.1562	1.7717e-15	3.0823e-25	0.026137	0.029119	3.4393e-06
-5.127	2.1175e-15	4.3342e-25	0.02956	0.032666	3.8332e-06
-5.0977	2.528e-15	6.0945e-25	0.033395	0.036638	4.2673e-06
-5.0684	3.0146e-15	8.5698e-25	0.037691	0.041081	4.7459e-06
-5.0391	3.5909e-15	1.2051e-24	0.042499	0.04605	5.2733e-06
-5.0098	4.2727e-15	1.6945e-24	0.047879	0.051605	5.8546e-06
-4.9805	5.0787e-15	2.3827e-24	0.053893	0.057808	6.4953e-06
-4.9512	6.0303e-15	3.3505e-24	0.060611	0.064732	7.2013e-06
-4.9219	7.1528e-15	4.7113e-24	0.06811	0.072453	7.9794e-06
-4.8926	8.4755e-15	6.6249e-24	0.076472	0.081055	8.8367e-06
-4.8633	1.0033e-14	9.3156e-24	0.085787	0.090627	9.7815e-06
-4.834	1.1864e-14	1.3099e-23	0.096152	0.10127	1.0823e-05
-4.8047	1.4015e-14	1.842e-23	0.10767	0.11308	1.197e-05
-4.7754	1.654e-14	2.5901e-23	0.12045	0.12617	1.3234e-05
-4.7461	1.95e-14	3.6421e-23	0.1346	0.14065	1.4627e-05
-4.7168	2.2967e-14	5.1213e-23	0.15025	0.15665	1.6162e-05
-4.6875	2.7025e-14	7.2014e-23	0.16752	0.17428	1.7854e-05
-4.6582	3.1767e-14	1.0126e-22	0.18653	0.19366	1.9718e-05
-4.6289	3.7305e-14	1.4239e-22	0.2074	0.21491	2.1772e-05
-4.5996	4.3766e-14	2.0023e-22	0.23025	0.23815	2.4036e-05
-4.5703	5.1295e-14	2.8155e-22	0.25518	0.26346	2.6531e-05
-4.541	6.0062e-14	3.959e-22	0.28229	0.29094	2.928e-05
-4.5117	7.0258e-14	5.567e-22	0.31165	0.32065	3.231e-05
-4.4824	8.2106e-14	7.8281e-22	0.34329	0.35262	3.5648e-05
-4.4531	9.5859e-14	1.1008e-21	0.37722	0.38683	3.9328e-05
-4.4238	1.1181e-13	1.5478e-21	0.41341	0.42325	4.3383e-05
-4.3945	1.3029e-13	2.1765e-21	0.45176	0.46175	4.7853e-05
-4.3652	1.5167e-13	3.0605e-21	0.49211	0.50217	5.2778e-05
-4.3359	1.764e-13	4.3035e-21	0.53422	0.54425	5.8207e-05
-4.3066	2.0497e-13	6.0515e-21	0.57779	0.58767	6.4191e-05
-4.2773	2.3794e-13	8.5093e-21	0.62242	0.632	7.0786e-05
-4.248	2.7594e-13	1.1965e-20	0.66762	0.67675	7.8055e-05
-4.2188	3.1972e-13	1.6825e-20	0.7128	0.72131	8.6067e-05
-4.1895	3.701e-13	2.3659e-20	0.75732	0.76503	9.4899e-05
-4.1602	4.2802e-13	3.3268e-20	0.80043	0.80716	0.00010463
-4.1309	4.9455e-13	4.678e-20	0.84135	0.84692	0.00011537
-4.1016	5.7088e-13	6.5781e-20	0.87928	0.8835	0.0001272
-4.0723	6.5839e-13	9.2498e-20	0.91339	0.91612	0.00014024
-4.043	7.5862e-13	1.3007e-19	0.9429	0.944	0.00015462
-4.0137	8.7332e-13	1.8289e-19	0.9671	0.96647	0.00017047
-3.9844	1.0045e-12	2.5718e-19	0.98538	0.98296	0.00018794
-3.9551	1.1542e-12	3.6163e-19	0.99727	0.99304	0.00020721
-3.9258	1.3252e-12	5.0851e-19	1.0024	0.99643	0.00022845
-3.8965	1.5201e-12	7.1505e-19	1.0008	0.99304	0.00025187
-3.8672	1.7421e-12	1.0055e-18	0.99227	0.98296	0.0002777
-3.8379	1.9949e-12	1.4139e-18	0.9772	0.96647	0.00030618
-3.8086	2.2823e-12	1.9881e-18	0.95596	0.944	0.00033759
-3.7793	2.6089e-12	2.7956e-18	0.92908	0.91612	0.00037222
-3.75	2.9797e-12	3.931e-18	0.89725	0.8835	0.00041041
-3.7207	3.4004e-12	5.5277e-18	0.8612	0.84692	0.00045253
-3.6914	3.8772e-12	7.7728e-18	0.82175	0.80716	0.00049899
-3.6621	4.4173e-12	1.093e-17	0.77971	0.76503	0.00055023
-3.6328	5.0286e-12	1.5369e-17	0.73587	0.72131	0.00060675
-3.6035	5.7199e-12	2.1611e-17	0.69101	0.67675	0.00066909
-3.5742	6.5012e-12	3.0389e-17	0.64582	0.63201	0.00073786
-3.5449	7.3835e-12	4.2731e-17	0.60091	0.58767	0.00081373
-3.5156	8.3791e-12	6.0087e-17	0.55683	0.54426	0.00089743
-3.4863	9.5021e-12	8.4492e-17	0.51401	0.50218	0.00098977
-3.457	1.0768e-11	1.1881e-16	0.47281	0.46176	0.0010917
-3.4277	1.2193e-11	1.6706e-16	0.4335	0.42325	0.0012041
-3.3984	1.3798e-11	2.3492e-16	0.39628	0.38684	0.0013281
-3.3691	1.5604e-11	3.3033e-16	0.36126	0.35262	0.001465
-3.3398	1.7634e-11	4.645e-16	0.32853	0.32066	0.0016161
-3.3105	1.9917e-11	6.5316e-16	0.29808	0.29095	0.0017828
-3.2812	2.2482e-11	9.1845e-16	0.26991	0.26347	0.0019668
-3.252	2.5362e-11	1.2915e-15	0.24394	0.23816	0.0021699
-3.2227	2.8597e-11	1.816e-15	0.2201	0.21492	0.0023941
-3.1934	3.2228e-11	2.5536e-15	0.19829	0.19367	0.0026416
-3.1641	3.6302e-11	3.5908e-15	0.1784	0.17429	0.0029148
-3.1348	4.0875e-11	5.0492e-15	0.16031	0.15667	0.0032165
-3.1055	4.6006e-11	7.1e-15	0.14389	0.14067	0.0035495
-3.0762	5.1764e-11	9.9837e-15	0.12903	0.12619	0.0039172
-3.0469	5.8226e-11	1.4039e-14	0.1156	0.1131	0.0043233
-3.0176	6.548e-11	1.9741e-14	0.10349	0.10129	0.0047717
-2.9883	7.3625e-11	2.7758e-14	0.092582	0.090654	0.0052668
-2.959	8.2774e-11	3.9033e-14	0.082773	0.081085	0.0058137
-2.9297	9.3059e-11	5.4886e-14	0.073963	0.072487	0.0064176
-2.9004	1.0463e-10	7.7179e-14	0.06606	0.06477	0.0070847
-2.8711	1.1765e-10	1.0853e-13	0.058976	0.057851	0.0078215
-2.8418	1.3232e-10	1.526e-13	0.052633	0.051653	0.0086353
-2.8125	1.4888e-10	2.1459e-13	0.046958	0.046104	0.0095343
-2.7832	1.6758e-10	3.0174e-13	0.041885	0.041142	0.010527
-2.7539	1.8874e-10	4.243e-13	0.037353	0.036706	0.011624
-2.7246	2.1272e-10	5.9663e-13	0.033306	0.032743	0.012836
-2.6953	2.3997e-10	8.3895e-13	0.029695	0.029205	0.014174
-2.666	2.7097e-10	1.1797e-12	0.026475	0.026049	0.015653
-2.6367	3.0636e-10	1.6588e-12	0.023605	0.023234	0.017286
-2.6074	3.4684e-10	2.3326e-12	0.021049	0.020726	0.01909
-2.5781	3.9331e-10	3.28e-12	0.018773	0.018491	0.021082
-2.5488	4.4681e-10	4.6122e-12	0.016749	0.016502	0.023282
-2.5195	5.0864e-10	6.4855e-12	0.014949	0.014733	0.025712
-2.4902	5.8037e-10	9.1196e-12	0.01335	0.01316	0.028394
-2.4609	6.6393e-10	1.2824e-11	0.01193	0.011764	0.031355
-2.4316	7.617e-10	1.8032e-11	0.010672	0.010525	0.034623
-2.4023	8.7665e-10	2.5356e-11	0.0095587	0.0094279	0.03823
-2.373	1.0125e-09	3.5654e-11	0.0085743	0.0084578	0.042208
-2.3438	1.1738e-09	5.0136e-11	0.007706	0.0076017	0.046596
-2.3145	1.3664e-09	7.0499e-11	0.0069422	0.0068483	0.051433
-2.2852	1.5979e-09	9.9132e-11	0.0062726	0.0061876	0.056763
-2.2559	1.8775e-09	1.394e-10	0.005688	0.0056106	0.062634
-2.2266	2.2174e-09	1.9601e-10	0.0051806	0.0051096	0.069098
-2.1973	2.6333e-09	2.7562e-10	0.0047434	0.004678	0.076208
-2.168	3.1452e-09	3.8757e-10	0.0043706	0.0043099	0.084026
-2.1387	3.7795e-09	5.4499e-10	0.004057	0.0040003	0.092614
-2.1094	4.5705e-09	7.6634e-10	0.0037983	0.0037451	0.10204
-2.0801	5.5633e-09	1.0776e-09	0.003591	0.0035409	0.11237
-2.0508	6.8174e-09	1.5153e-09	0.0034323	0.0033848	0.12369
-2.0215	8.412e-09	2.1307e-09	0.00332	0.0032748	0.13607
-1.9922	1.0452e-08	2.9961e-09	0.0032525	0.0032094	0.14959
-1.9629	1.3079e-08	4.213e-09	0.003229	0.0031877	0.16434
-1.9336	1.6481e-08	5.9241e-09	0.003249	0.0032094	0.18039
-1.9043	2.0914e-08	8.3303e-09	0.0033128	0.0032748	0.19783
-1.875	2.6722e-08	1.1714e-08	0.0034212	0.0033848	0.21673
-1.8457	3.4375e-08	1.6471e-08	0.0035758	0.0035409	0.23716
-1.8164	4.4511e-08	2.3161e-08	0.0037785	0.0037451	0.25919
-1.7871	5.8004e-08	3.2568e-08	0.0040322	0.0040003	0.28288
-1.7578	7.6049e-08	4.5796e-08	0.0043403	0.0043099	0.30826
-1.7285	1.0029e-07	6.4397e-08	0.0047068	0.004678	0.33534
-1.6992	1.33e-07	9.0552e-08	0.0051368	0.0051096	0.36412
-1.6699	1.7729e-07	1.2733e-07	0.005636	0.0056106	0.39458
-1.6406	2.3751e-07	1.7905e-07	0.0062112	0.0061876	0.42663
-1.6113	3.1964e-07	2.5177e-07	0.0068701	0.0068483	0.46019
-1.582	4.3204e-07	3.5403e-07	0.0076215	0.0076017	0.4951
-1.5527	5.8629e-07	4.9782e-07	0.0084755	0.0084578	0.53116
-1.5234	7.9855e-07	7.0001e-07	0.0094434	0.0094279	0.56814
-1.4941	1.0914e-06	9.8432e-07	0.010538	0.010525	0.60574
-1.4648	1.4962e-06	1.3841e-06	0.011774	0.011764	0.64363
-1.4355	2.0571e-06	1.9463e-06	0.013168	0.01316	0.68141
-1.4062	2.8357e-06	2.7368e-06	0.014739	0.014733	0.71865
-1.377	3.9183e-06	3.8483e-06	0.016505	0.016502	0.7549
-1.3477	5.4261e-06	5.4114e-06	0.018492	0.018491	0.78966
-1.3184	7.5288e-06	7.6092e-06	0.020724	0.020726	0.82246
-1.2891	1.0465e-05	1.07e-05	0.02323	0.023234	0.85281
-1.2598	1.457e-05	1.5046e-05	0.026043	0.026049	0.88026
-1.2305	2.0316e-05	2.1156e-05	0.029197	0.029205	0.9044
-1.2012	2.8364e-05	2.9749e-05	0.032733	0.032743	0.92489
-1.1719	3.9649e-05	4.1832e-05	0.036694	0.036706	0.94147
-1.1426	5.5483e-05	5.8823e-05	0.041129	0.041142	0.95395
-1.1133	7.7716e-05	8.2714e-05	0.046091	0.046104	0.96229
-1.084	0.00010896	0.00011631	0.05164	0.051653	0.96651
-1.0547	0.00015287	0.00016355	0.057839	0.057851	0.96676
-1.0254	0.00021464	0.00022997	0.06476	0.06477	0.96329
-0.99609	0.00030157	0.00032338	0.07248	0.072487	0.95644
-0.9668	0.00042394	0.00045472	0.081083	0.081085	0.94663
-0.9375	0.00059628	0.0006394	0.090658	0.090654	0.93434
-0.9082	0.00083906	0.00089908	0.1013	0.10129	0.9201
-0.87891	0.0011812	0.0012642	0.11312	0.1131	0.90447
-0.84961	0.0016634	0.0017776	0.12622	0.12619	0.88799
-0.82031	0.0023433	0.0024995	0.14072	0.14067	0.87123
-0.79102	0.0033021	0.0035145	0.15673	0.15667	0.8547
-0.76172	0.0046543	0.0049416	0.17437	0.17429	0.83889
-0.73242	0.0065617	0.0069479	0.19377	0.19367	0.82425
-0.70312	0.0092523	0.0097682	0.21504	0.21492	0.81116
-0.67383	0.013048	0.013733	0.2383	0.23816	0.79995
-0.64453	0.018402	0.019304	0.26363	0.26347	0.79089
-0.61523	0.025955	0.027132	0.29114	0.29095	0.78417
-0.58594	0.036605	0.038128	0.32087	0.32066	0.77994
-0.55664	0.051618	0.053566	0.35285	0.35262	0.77828
-0.52734	0.072771	0.075229	0.38709	0.38684	0.77918
-0.49805	0.10255	0.1056	0.42351	0.42325	0.78261
-0.46875	0.14441	0.14812	0.46202	0.46176	0.78846
-0.43945	0.20318	0.20756	0.50244	0.50218	0.79656
-0.41016	0.28545	0.29046	0.5445	0.54426	0.8067
-0.38086	0.40023	0.40566	0.58789	0.58767	0.81862
-0.35156	0.55957	0.56501	0.63219	0.63201	0.83199
-0.32227	0.77924	0.78397	0.67688	0.67675	0.84648
-0.29297	1.0791	1.0821	0.72138	0.72131	0.86169
-0.26367	1.4829	1.4828	0.76501	0.76503	0.87722
-0.23438	2.0164	2.0117	0.80705	0.80716	0.89265
-0.20508	2.7031	2.6928	0.84672	0.84692	0.90753
-0.17578	3.5558	3.54	0.8832	0.8835	0.92146
-0.14648	4.5639	4.5451	0.91572	0.91612	0.93403
-0.11719	5.6782	5.6613	0.94352	0.944	0.94487
-0.087891	6.7994	6.7907	0.96591	0.96647	0.95366
-0.058594	7.782	7.7859	0.98235	0.98297	0.96014
-0.029297	8.4617	8.4774	0.99238	0.99304	0.96411
0	8.7054	8.726	0.99576	0.99643	0.96545
0.029297	8.4617	8.4774	0.99238	0.99304	0.96411
0.058594	7.782	7.7859	0.98235	0.98297	0.96014
0.087891	6.7994	6.7907	0.96591	0.96647	0.95366
0.11719	5.6782	5.6613	0.94352	0.944	0.94487
0.14648	4.5639	4.5451	0.91572	0.91612	0.93403
0.17578	3.5558	3.54	0.8832	0.8835	0.92146
0.20508	2.7031	2.6928	0.84672	0.84692	0.90753
0.23438	2.0164	2.0117	0.80705	0.80716	0.89265
0.26367	1.4829	1.4828	0.76501	0.76503	0.87722
0.29297	1.0791	1.0821	0.72138	0.72131	0.86169
0.32227	0.77924	0.78397	0.67688	0.67675	0.84648
0.35156	0.55957	0.56501	0.63219	0.63201	0.83199
0.38086	0.40023	0.40566	0.58789	0.58767	0.81862
0.41016	0.28545	0.29046	0.5445	0.54426	0.8067
0.43945	0.20318	0.20756	0.50244	0.50218	0.79656
0.46875	0.14441	0.14812	0.46202	0.46176	0.78846
0.49805	0.10255	0.1056	0.42351	0.42325	0.78261
0.52734	0.072771	0.075229	0.38709	0.38684	0.77918
0.55664	0.051618	0.053566	0.35285	0.35262	0.77828
0.58594	0.036605	0.038128	0.32087	0.32066	0.77994
0.61523	0.025955	0.027132	0.29114	0.29095	0.78417
0.64453	0.018402	0.019304	0.26363	0.26347	0.79089
0.67383	0.013048	0.013733	0.2383	0.23816	0.79995
0.70312	0.0092523	0.0097682	0.21504	0.21492	0.81116
0.73242	0.0065617	0.0069479	0.19377	0.19367	0.82425
0.76172	0.0046543	0.0049416	0.17437	0.17429	0.83889
0.79102	0.0033021	0.0035145	0.15673	0.15667	0.8547
0.82031	0.0023433	0.0024995	0.14072	0.14067	0.87123
0.84961	0.0016634	0.0017776	0.12622	0.12619	0.88799
0.87891	0.0011812	0.0012642	0.11312	0.1131	0.90447
0.9082	0.00083906	0.00089908	0.1013	0.10129	0.9201
0.9375	0.00059628	0.0006394	0.090658	0.090654	0.93434
0.9668	0.00042394	0.00045472	0.081083	0.081085	0.94663
0.99609	0.00030157	0.00032338	0.07248	0.072487	0.95644
1.0254	0.00021464	0.00022997	0.06476	0.06477	0.96329
1.0547	0.00015287	0.00016355	0.057839	0.057851	0.96676
1.084	0.00010896	0.00011631	0.05164	0.051653	0.96651
1.1133	7.7716e-05	8.2714e-05	0.046091	0.046104	0.96229
1.1426	5.5483e-05	5.8823e-05	0.041129	0.041142	0.95395
1.1719	3.9649e-05	4.1832e-05	0.036694	0.036706	0.94147
1.2012	2.8364e-05	2.9749e-05	0.032733	0.032743	0.92489
1.2305	2.0316e-05	2.1156e-05	0.029197	0.029205	0.9044
1.2598	1.457e-05	1.5046e-05	0.026043	0.026049	0.88026
1.2891	1.0465e-05	1.07e-05	0.02323	0.023234	0.85281
1.3184	7.5288e-06	7.6092e-06	0.020724	0.020726	0.82246
1.3477	5.4261e-06	5.4114e-06	0.018492	0.018491	0.78966
1.377	3.9183e-06	3.8483e-06	0.016505	0.016502	0.7549
1.4062	2.8357e-06	2.7368e-06	0.014739	0.014733	0.71865
1.4355	2.0571e-06	1.9463e-06	0.013168	0.01316	0.68141
1.4648	1.4962e-06	1.3841e-06	0.011774	0.011764	0.64363
1.4941	1.0914e-06	9.8432e-07	0.010538	0.010525	0.60574
1.5234	7.9855e-07	7.0001e-07	0.0094434	0.0094279	0.56814
1.5527	5.8629e-07	4.9782e-07	0.0084755	0.0084578	0.53116
1.582	4.3204e-07	3.5403e-07	0.0076215	0.0076017	0.4951
1.6113	3.1964e-07	2.5177e-07	0.0068701	0.0068483	0.46019
1.6406	2.3751e-07	1.7905e-07	0.0062112	0.0061876	0.42663
1.6699	1.7729e-07	1.2733e-07	0.005636	0.0056106	0.39458
1.6992	1.33e-07	9.0552e-08	0.0051368	0.0051096	0.36412
1.7285	1.0029e-07	6.4397e-08	0.0047068	0.004678	0.33534
1.7578	7.6049e-08	4.5796e-08	0.0043403	0.0043099	0.30826
1.7871	5.8004e-08	3.2568e-08	0.0040322	0.0040003	0.28288
1.8164	4.4511e-08	2.3161e-08	0.0037785	0.0037451	0.25919
1.8457	3.4375e-08	1.6471e-08	0.0035758	0.0035409	0.23716
1.875	2.6722e-08	1.1714e-08	0.0034212	0.0033848	0.21673
1.9043	2.0914e-08	8.3303e-09	0.0033128	0.0032748	0.19783
1.9336	1.6481e-08	5.9241e-09	0.003249	0.0032094	0.18039
1.9629	1.3079e-08	4.213e-09	0.003229	0.0031877	0.16434
1.9922	1.0452e-08	2.9961e-09	0.0032525	0.0032094	0.14959
2.0215	8.412e-09	2.1307e-09	0.00332	0.0032748	0.13607
2.0508	6.8174e-09	1.5153e-09	0.0034323	0.0033848	0.12369
2.0801	5.5633e-09	1.0776e-09	0.003591	0.0035409	0.11237
2.1094	4.5705e-09	7.6634e-10	0.0037983	0.0037451	0.10204
2.1387	3.7795e-09	5.4499e-10	0.004057	0.0040003	0.092614
2.168	3.1452e-09	3.8757e-10	0.0043706	0.0043099	0.084026
2.1973	2.6333e-09	2.7562e-10	0.0047434	0.004678	0.076208
2.2266	2.2174e-09	1.9601e-10	0.0051806	0.0051096	0.069098
2.2559	1.8775e-09	1.394e-10	0.005688	0.0056106	0.062634
2.2852	1.5979e-09	9.9132e-11	0.0062726	0.0061876	0.056763
2.3145	1.3664e-09	7.0499e-11	0.0069422	0.0068483	0.051433
2.3438	1.1738e-09	5.0136e-11	0.007706	0.0076017	0.046596
2.373	1.0125e-09	3.5654e-11	0.0085743	0.0084578	0.042208
2.4023	8.7665e-10	2.5356e-11	0.0095587	0.0094279	0.03823
2.4316	7.617e-10	1.8032e-11	0.010672	0.010525	0.034623
2.4609	6.6393e-10	1.2824e-11	0.01193	0.011764	0.031355
2.4902	5.8037e-10	9.1196e-12	0.01335	0.01316	0.028394
2.5195	5.0864e-10	6.4855e-12	0.014949	0.014733	0.025712
2.5488	4.4681e-10	4.6122e-12	0.016749	0.016502	0.023282
2.5781	3.9331e-10	3.28e-12	0.018773	0.018491	0.021082
2.6074	3.4684e-10	2.3326e-12	0.021049	0.020726	0.01909
2.6367	3.0636e-10	1.6588e-12	0.023605	0.023234	0.017286
2.666	2.7097e-10	1.1797e-12	0.026475	0.026049	0.015653
2.6953	2.3997e-10	8.3895e-13	0.029695	0.029205	0.014174
2.7246	2.1272e-10	5.9663e-13	0.033306	0.032743	0.012836
2.7539	1.8874e-10	4.243e-13	0.037353	0.036706	0.011624
2.7832	1.6758e-10	3.0174e-13	0.041885	0.041142	0.010527
2.8125	1.4888e-10	2.1459e-13	0.046958	0.046104	0.0095343
2.8418	1.3232e-10	1.526e-13	0.052633	0.051653	0.0086353
2.8711	1.1765e-10	1.0853e-13	0.058976	0.057851	0.0078215
2.9004	1.0463e-10	7.7179e-14	0.06606	0.06477	0.0070847
2.9297	9.3059e-11	5.4886e-14	0.073963	0.072487	0.0064176
2.959	8.2774e-11	3.9033e-14	0.082773	0.081085	0.0058137
2.9883	7.3625e-11	2.7758e-14	0.092582	0.090654	0.0052668
3.0176	6.548e-11	1.9741e-14	0.10349	0.10129	0.0047717
3.0469	5.8226e-11	1.4039e-14	0.1156	0.1131	0.0043233
3.0762	5.1764e-11	9.9837e-15	0.12903	0.12619	0.0039172
3.1055	4.6006e-11	7.1e-15	0.14389	0.14067	0.0035495
3.1348	4.0875e-11	5.0492e-15	0.16031	0.15667	0.0032165
3.1641	3.6302e-11	3.5908e-15	0.1784	0.17429	0.0029148
3.1934	3.2228e-11	2.5536e-15	0.19829	0.19367	0.0026416
3.2227	2.8597e-11	1.816e-15	0.2201	0.21492	0.0023941
3.252	2.5362e-11	1.2915e-15	0.24394	0.23816	0.0021699
3.2812	2.2482e-11	9.1845e-16	0.26991	0.26347	0.0019668
3.3105	1.9917e-11	6.5316e-16	0.29808	0.29095	0.0017828
3.3398	1.7634e-11	4.645e-16	0.32853	0.32066	0.0016161
3.3691	1.5604e-11	3.3033e-16	0.36126	0.35262	0.001465
3.3984	1.3798e-11	2.3492e-16	0.39628	0.38684	0.0013281
3.4277	1.2193e-11	1.6706e-16	0.4335	0.42325	0.0012041
3.457	1.0768e-11	1.1881e-16	0.47281	0.46176	0.0010917
3.4863	9.5021e-12	8.4492e-17	0.51401	0.50218	0.00098977
3.5156	8.3791e-12	6.0087e-17	0.55683	0.54426	0.00089743
3.5449	7.3835e-12	4.2731e-17	0.60091	0.58767	0.00081373
3.5742	6.5012e-12	3.0389e-17	0.64582	0.63201	0.00073786
3.6035	5.7199e-12	2.1611e-17	0.69101	0.67675	0.00066909
3.6328	5.0286e-12	1.5369e-17	0.73587	0.72131	0.00060675
3.6621	4.4173e-12	1.093e-17	0.77971	0.76503	0.00055023
3.6914	3.8772e-12	7.7728e-18	0.82175	0.80716	0.00049899
3.7207	3.4004e-12	5.5277e-18	0.8612	0.84692	0.00045253
3.75	2.9797e-12	3.931e-18	0.89725	0.8835	0.00041041
3.7793	2.6089e-12	2.7956e-18	0.92908	0.91612	0.00037222
3.8086	2.2823e-12	1.9881e-18	0.95596	0.944	0.00033759
3.8379	1.9949e-12	1.4139e-18	0.9772	0.96647	0.00030618
3.8672	1.7421e-12	1.0055e-18	0.99227	0.98296	0.0002777
3.8965	1.5201e-12	7.1505e-19	1.0008	0.99304	0.00025187
3.9258	1.3252e-12	5.0851e-19	1.0024	0.99643	0.00022845
3.9551	1.1542e-12	3.6163e-19	0.99727	0.99304	0.00020721
3.9844	1.0045e-12	2.5718e-19	0.98538	0.98296	0.00018794
4.0137	8.7332e-13	1.8289e-19	0.9671	0.96647	0.00017047
4.043	7.5862e-13	1.3007e-19	0.9429	0.944	0.00015462
4.0723	6.5839e-13	9.2498e-20	0.91339	0.91612	0.00014024
4.1016	5.7088e-13	6.5781e-20	0.87928	0.8835	0.0001272
4.1309	4.9455e-13	4.678e-20	0.84135	0.84692	0.00011537
4.1602	4.2802e-13	3.3268e-20	0.80043	0.80716	0.00010463
4.1895	3.701e-13	2.3659e-20	0.75732	0.76503	9.4899e-05
4.2188	3.1972e-13	1.6825e-20	0.7128	0.72131	8.6067e-05
4.248	2.7594e-13	1.1965e-20	0.66762	0.67675	7.8055e-05
4.2773	2.3794e-13	8.5093e-21	0.62242	0.632	7.0786e-05
4.3066	2.0497e-13	6.0515e-21	0.57779	0.58767	6.4191e-05
4.3359	1.764e-13	4.3035e-21	0.53422	0.54425	5.8207e-05
4.3652	1.5167e-13	3.0605e-21	0.49211	0.50217	5.2778e-05
4.3945	1.3029e-13	2.1765e-21	0.45176	0.46175	4.7853e-05
4.4238	1.1181e-13	1.5478e-21	0.41341	0.42325	4.3383e-05
4.4531	9.5859e-14	1.1008e-21	0.37722	0.38683	3.9328e-05
4.4824	8.2106e-14	7.8281e-22	0.34329	0.35262	3.5648e-05
4.5117	7.0258e-14	5.567e-22	0.31165	0.32065	3.231e-05
4.541	6.0062e-14	3.959e-22	0.28229	0.29094	2.928e-05
4.5703	5.1295e-14	2.8155e-22	0.25518	0.26346	2.6531e-05
4.5996	4.3766e-14	2.0023e-22	0.23025	0.23815	2.4036e-05
4.6289	3.7305e-14	1.4239e-22	0.2074	0.21491	2.1772e-05
4.6582	3.1767e-14	1.0126e-22	0.18653	0.19366	1.9718e-05
4.6875	2.7025e-14	7.2014e-23	0.16752	0.17428	1.7854e-05
4.7168	2.2967e-14	5.1213e-23	0.15025	0.15665	1.6162e-05
4.7461	1.95e-14	3.6421e-23	0.1346	0.14065	1.4627e-05
4.7754	1.654e-14	2.5901e-23	0.12045	0.12617	1.3234e-05
4.8047	1.4015e-14	1.842e-23	0.10767	0.11308	1.197e-05
4.834	1.1864e-14	1.3099e-23	0.096152	0.10127	1.0823e-05
4.8633	1.0033e-14	9.3156e-24	0.085787	0.090627	9.7815e-06
4.8926	8.4755e-15	6.6249e-24	0.076472	0.081055	8.8367e-06
4.9219	7.1528e-15	4.7113e-24	0.06811	0.072453	7.9794e-06
4.9512	6.0303e-15	3.3505e-24	0.060611	0.064732	7.2013e-06
4.9805	5.0787e-15	2.3827e-24	0.053893	0.057808	6.4953e-06
5.0098	4.2727e-15	1.6945e-24	0.047879	0.051605	5.8546e-06
5.0391	3.5909e-15	1.2051e-24	0.042499	0.04605	5.2733e-06
5.0684	3.0146e-15	8.5698e-25	0.037691	0.041081	4.7459e-06
5.0977	2.528e-15	6.0945e-25	0.033395	0.036638	4.2673e-06
5.127	2.1175e-15	4.3342e-25	0.02956	0.032666	3.8332e-06
5.1562	1.7717e-15	3.0823e-25	0.026137	0.029119	3.4393e-06
5.1855	1.4805e-15	2.192e-25	0.023085	0.025952	3.0821e-06
5.2148	1.2357e-15	1.5588e-25	0.020363	0.023125	2.7581e-06
5.2441	1.03e-15	1.1086e-25	0.017937	0.020603	2.4644e-06
5.2734	8.5733e-16	7.8838e-26	0.015776	0.018354	2.1981e-06
5.3027	7.1258e-16	5.6066e-26	0.013852	0.016348	1.9567e-06
5.332	5.9134e-16	3.9872e-26	0.012139	0.014559	1.738e-06
5.3613	4.8988e-16	2.8355e-26	0.010614	0.012965	1.5399e-06
5.3906	4.0507e-16	2.0165e-26	0.0092588	0.011544	1.3606e-06
5.4199	3.3424e-16	1.434e-26	0.0080537	0.010279	1.1984e-06
5.4492	2.7515e-16	1.0198e-26	0.0069831	0.0091512	1.0517e-06
5.4785	2.259e-16	7.2526e-27	0.0060326	0.0081468	9.192e-07
5.5078	1.849e-16	5.1578e-27	0.0051895	0.0072522	7.9963e-07
5.5371	1.508e-16	3.668e-27	0.0044423	0.0064555	6.9187e-07
5.5664	1.2247e-16	2.6085e-27	0.0037809	0.0057461	5.9491e-07
5.5957	9.896e-17	1.8551e-27	0.0031964	0.0051145	5.0784e-07
5.625	7.9482e-17	1.3192e-27	0.0026809	0.0045521	4.2985e-07
5.6543	6.3368e-17	9.3819e-28	0.0022273	0.0040514	3.6019e-07
5.6836	5.0061e-17	6.672e-28	0.0018294	0.0036057	2.9822e-07
5.7129	3.9101e-17	4.7448e-28	0.0014819	0.003209	2.4336e-07
5.7422	3.0101e-17	3.3743e-28	0.00118	0.0028558	1.9509e-07
5.7715	2.2744e-17	2.3997e-28	0.00091957	0.0025415	1.5296e-07
5.8008	1.6766e-17	1.7066e-28	0.00069701	0.0022617	1.1657e-07
5.8301	1.1953e-17	1.2136e-28	0.00050933	0.0020127	8.559e-08
5.8594	8.1309e-18	8.6308e-29	0.00035391	0.0017911	5.9715e-08
5.8887	5.1611e-18	6.1379e-29	0.00022867	0.0015939	3.8713e-08
5.918	2.9338e-18	4.365e-29	0.00013183	0.0014183	2.2379e-08
5.9473	1.3664e-18	3.1042e-29	6.204e-05	0.0012621	1.0552e-08
5.9766	4.235e-19	2.2076e-29	1.9358e-05	0.0011231	3.2965e-09
6.0059	0	1.5699e-29	0	0.00099938	0
6.0352	0	1.1165e-29	0	0.00088929	0
6.0645	0	7.9398e-30	0	0.00079132	0
6.0938	0	5.6465e-30	0	0.00070414	0
6.123	0	4.0155e-30	0	0.00062656	0
6.1523	0	2.8557e-30	0	0.00055753	0
6.1816	0	2.0308e-30	0	0.0004961	0
6.2109	0	1.4442e-30	0	0.00044144	0
6.2402	0	1.0271e-30	0	0.00039279	0
6.2695	0	7.3042e-31	0	0.00034951	0
6.2988	0	5.1944e-31	0	0.000311	0
6.3281	0	3.6941e-31	0	0.00027673	0
6.3574	0	2.6271e-31	0	0.00024623	0
6.3867	0	1.8683e-31	0	0.0002191	0
6.416	0	1.3286e-31	0	0.00019496	0
6.4453	0	9.4486e-32	0	0.00017347	0
6.4746	0	6.7195e-32	0	0.00015436	0
6.5039	0	4.7786e-32	0	0.00013734	0
6.5332	0	3.3983e-32	0	0.00012221	0
6.5625	0	2.4168e-32	0	0.00010874	0
6.5918	0	1.7187e-32	0	9.6758e-05	0
6.6211	0	1.2223e-32	0	8.6095e-05	0
6.6504	0	8.6922e-33	0	7.6606e-05	0
6.6797	0	6.1815e-33	0	6.8164e-05	0
6.709	0	4.396e-33	0	6.0652e-05	0
6.7383	0	3.1263e-33	0	5.3968e-05	0
6.7676	0	2.2233e-33	0	4.802e-05	0
6.7969	0	1.5811e-33	0	4.2728e-05	0
6.8262	0	1.1244e-33	0	3.8019e-05	0
6.8555	0	7.9963e-34	0	3.3829e-05	0
6.8848	0	5.6866e-34	0	3.0101e-05	0
6.9141	0	4.0441e-34	0	2.6784e-05	0
6.9434	0	2.876e-34	0	2.3832e-05	0
6.9727	0	2.0453e-34	0	2.1205e-05	0
7.002	0	1.4545e-34	0	1.8868e-05	0
7.0312	0	1.0344e-34	0	1.6789e-05	0
7.0605	0	7.3562e-35	0	1.4939e-05	0
7.0898	0	5.2314e-35	0	1.3292e-05	0
7.1191	0	3.7203e-35	0	1.1827e-05	0
7.1484	0	2.6458e-35	0	1.0524e-05	0
7.1777	0	1.8815e-35	0	9.364e-06	0
7.207	0	1.3381e-35	0	8.332e-06	0
7.2363	0	9.5158e-36	0	7.4138e-06	0
7.2656	0	6.7673e-36	0	6.5967e-06	0
7.2949	0	4.8126e-36	0	5.8697e-06	0
7.3242	0	3.4225e-36	0	5.2228e-06	0
7.3535	0	2.4339e-36	0	4.6472e-06	0
7.3828	0	1.7309e-36	0	4.135e-06	0
7.4121	0	1.231e-36	0	3.6793e-06	0
7.4414	0	8.754e-37	0	3.2738e-06	0
7.4707	0	6.2255e-37	0	2.913e-06	0
7.5	0	4.4273e-37	0	2.592e-06	0
