gTG	coherence_N2	coherence_N3
0	1	1
0.1	0.999988	0.999987
0.2	0.999947	0.999949
0.3	0.99988	0.999884
0.4	0.999785	0.999791
0.5	0.999662	0.999669
0.6	0.999508	0.999517
0.7	0.999325	0.999333
0.8	0.999111	0.999117
0.9	0.998864	0.998865
1	0.998585	0.998578
1.1	0.998273	0.998254
1.2	0.997928	0.99789
1.3	0.997546	0.997486
1.4	0.997131	0.997039
1.5	0.996679	0.996548
1.6	0.99619	0.99601
1.7	0.995663	0.995423
1.8	0.995099	0.994787
1.9	0.994496	0.994097
2	0.993853	0.993353
2.1	0.993171	0.992551
2.2	0.992449	0.99169
2.3	0.991684	0.990766
2.4	0.990879	0.989778
2.5	0.990034	0.988724
2.6	0.989148	0.9876
2.7	0.98822	0.986404
2.8	0.987248	0.985134
2.9	0.986236	0.983788
3	0.985184	0.982363
3.1	0.984092	0.980857
3.2	0.982959	0.979269
3.3	0.981782	0.977596
3.4	0.980568	0.975838
3.5	0.979317	0.973993
3.6	0.978028	0.972059
3.7	0.976702	0.970037
3.8	0.975341	0.967927
3.9	0.973945	0.965728
4	0.97252	0.963442
4.1	0.971056	0.96107
4.2	0.969568	0.958613
4.3	0.968049	0.956073
4.4	0.966502	0.953454
4.5	0.964934	0.950759
4.6	0.963333	0.947991
4.7	0.961724	0.945154
4.8	0.960082	0.942255
4.9	0.958428	0.939296
5	0.956767	0.936283
5.1	0.955081	0.933221
5.2	0.953379	0.930117
5.3	0.951677	0.926977
5.4	0.949963	0.923805
5.5	0.948233	0.920608
5.6	0.946516	0.917394
5.7	0.944777	0.914163
5.8	0.943038	0.910926
5.9	0.941305	0.907686
6	0.939566	0.904449
6.1	0.937825	0.901217
6.2	0.936094	0.897997
6.3	0.93436	0.894794
6.4	0.932637	0.891609
6.5	0.930912	0.888447
6.6	0.929199	0.885312
6.7	0.927476	0.882203
6.8	0.925791	0.879126
6.9	0.924089	0.876083
7	0.922404	0.873073
7.1	0.920732	0.870102
7.2	0.919061	0.867168
7.3	0.917406	0.864271
7.4	0.915754	0.861415
7.5	0.914131	0.858597
7.6	0.912493	0.855821
7.7	0.910889	0.853087
7.8	0.909296	0.850392
7.9	0.907702	0.847737
8	0.906126	0.845125
8.1	0.904552	0.84255
8.2	0.902998	0.840017
8.3	0.90146	0.837522
8.4	0.899923	0.835066
8.5	0.898405	0.83265
8.6	0.896903	0.830271
8.7	0.895402	0.827928
8.8	0.89392	0.825622
8.9	0.892455	0.823352
9	0.890989	0.821116
9.1	0.889544	0.818912
9.2	0.888099	0.816746
9.3	0.886675	0.814611
9.4	0.885268	0.812504
9.5	0.883859	0.810433
9.6	0.882471	0.808389
9.7	0.881083	0.806375
9.8	0.879698	0.804391
9.9	0.878355	0.802435
10	0.877006	0.800506
10.1	0.875676	0.798602
10.2	0.874344	0.796725
10.3	0.873013	0.794875
10.4	0.871706	0.793049
10.5	0.870418	0.791245
10.6	0.869127	0.789466
10.7	0.867836	0.787707
10.8	0.86657	0.785973
10.9	0.865301	0.784259
11	0.864056	0.782568
11.1	0.862808	0.780895
11.2	0.861583	0.779244
11.3	0.860355	0.777611
11.4	0.859172	0.775996
11.5	0.857934	0.774398
11.6	0.856727	0.772822
11.7	0.855544	0.771262
11.8	0.854358	0.769718
11.9	0.853172	0.76819
12	0.852011	0.766679
12.1	0.850848	0.765183
12.2	0.849709	0.763702
12.3	0.848541	0.762237
12.4	0.847429	0.760786
12.5	0.846283	0.759346
12.6	0.845167	0.757926
12.7	0.844048	0.75651
12.8	0.842928	0.755115
12.9	0.841837	0.753734
13	0.840742	0.752361
13.1	0.839646	0.751002
13.2	0.838578	0.749652
13.3	0.837506	0.748316
13.4	0.836433	0.746989
13.5	0.83536	0.745677
13.6	0.834316	0.744372
13.7	0.833269	0.743081
13.8	0.832221	0.741793
13.9	0.831202	0.740526
14	0.830148	0.739264
14.1	0.829129	0.738011
14.2	0.828107	0.736765
14.3	0.827114	0.339023
14.4	0.826117	0.339019
14.5	0.825118	0.339015
14.6	0.824118	0.339011
14.7	0.823118	0.339007
14.8	0.822119	0.339003
14.9	0.821152	0.339
15	0.820182	0.338996
15.1	0.819211	0.338992
15.2	0.818272	0.338988
15.3	0.817329	0.338985
15.4	0.81635	0.338981
15.5	0.815408	0.338977
15.6	0.814464	0.338974
15.7	0.813588	0.33897
15.8	0.812633	0.338967
15.9	0.811683	0.338963
16	0.81077	0.33896
16.1	0.809854	0.338956
16.2	0.808938	0.338953
16.3	0.808056	0.33895
16.4	0.807135	0.338946
16.5	0.806252	0.338943
16.6	0.805367	0.33894
16.7	0.80448	0.338937
16.8	0.803593	0.338933
16.9	0.802706	0.33893
17	0.801855	0.338927
17.1	0.801001	0.338924
17.2	0.800145	0.338921
17.3	0.799326	0.338918
17.4	0.798464	0.338915
17.5	0.797641	0.338912
17.6	0.796778	0.338909
17.7	0.795955	0.338906
17.8	0.795129	0.338903
17.9	0.794302	0.3389
18	0.793475	0.338897
18.1	0.792647	0.338894
18.2	0.791821	0.338892
18.3	0.791033	0.338889
18.4	0.790242	0.338886
18.5	0.789449	0.338883
18.6	0.788695	0.33888
18.7	0.787857	0.338878
18.8	0.787065	0.338875
18.9	0.786311	0.338872
19	0.785514	0.33887
19.1	0.784719	0.338867
19.2	0.783965	0.338865
19.3	0.783209	0.338862
19.4	0.782451	0.338859
19.5	0.781734	0.338857
19.6	0.781012	0.338854
19.7	0.780247	0.338852
19.8	0.779485	0.338849
19.9	0.778724	0.338847
20	0.777965	0.338844
20.1	0.777248	0.338842
20.2	0.776528	0.33884
20.3	0.775808	0.338837
20.4	0.775087	0.338835
20.5	0.774366	0.338832
20.6	0.773645	0.33883
20.7	0.772967	0.338828
20.8	0.772286	0.338825
20.9	0.771603	0.338823
21	0.770876	0.338821
21.1	0.770196	0.338819
21.2	0.769514	0.338816
21.3	0.768831	0.338814
21.4	0.768148	0.338812
21.5	0.767466	0.33881
21.6	0.766784	0.338808
21.7	0.766145	0.338805
21.8	0.765504	0.338803
21.9	0.764861	0.338801
22	0.764174	0.338799
22.1	0.763534	0.338797
22.2	0.762892	0.338795
22.3	0.76225	0.338793
22.4	0.761608	0.338791
22.5	0.760966	0.338788
22.6	0.760412	0.338786
22.7	0.759764	0.338784
22.8	0.759119	0.338782
22.9	0.758475	0.33878
23	0.757878	0.338778
23.1	0.757234	0.338776
23.2	0.756636	0.338774
23.3	0.756082	0.338772
23.4	0.755435	0.338771
23.5	0.754836	0.338769
23.6	0.754237	0.338767
23.7	0.753729	0.338765
23.8	0.753123	0.338763
23.9	0.752521	0.338761
24	0.751966	0.338759
24.1	0.751363	0.338757
24.2	0.750808	0.338755
24.3	0.750252	0.338753
24.4	0.749649	0.338752
24.5	0.74914	0.33875
24.6	0.748581	0.338748
24.7	0.748024	0.338746
24.8	0.747466	0.338744
24.9	0.74691	0.338743
25	0.506237	0.338741
25.1	0.506234	0.338739
25.2	0.506231	0.338737
25.3	0.506228	0.338736
25.4	0.506226	0.338734
25.5	0.506223	0.338732
25.6	0.50622	0.33873
25.7	0.506217	0.338729
25.8	0.506215	0.338727
25.9	0.506212	0.338725
26	0.506209	0.338724
26.1	0.506206	0.338722
26.2	0.506204	0.33872
26.3	0.506201	0.338719
26.4	0.506198	0.338717
26.5	0.506196	0.338715
26.6	0.506193	0.338714
26.7	0.50619	0.338712
26.8	0.506188	0.33871
26.9	0.506185	0.338709
27	0.506183	0.338707
27.1	0.50618	0.338706
27.2	0.506177	0.338704
27.3	0.506175	0.338703
27.4	0.506172	0.338701
27.5	0.50617	0.338699
27.6	0.506167	0.338698
27.7	0.506165	0.338696
27.8	0.506162	0.338695
27.9	0.506159	0.338693
28	0.506157	0.338692
28.1	0.506154	0.33869
28.2	0.506152	0.338689
28.3	0.506149	0.338687
28.4	0.506147	0.338686
28.5	0.506144	0.338684
28.6	0.506142	0.338683
28.7	0.506139	0.338681
28.8	0.506137	0.33868
28.9	0.506135	0.338678
29	0.506132	0.338677
29.1	0.50613	0.338675
29.2	0.506127	0.338674
29.3	0.506125	0.338673
29.4	0.506122	0.338671
29.5	0.50612	0.33867
29.6	0.506118	0.338668
29.7	0.506115	0.338667
29.8	0.506113	0.338665
29.9	0.506111	0.338664
30	0.506108	0.338663
30.1	0.506106	0.338661
30.2	0.506103	0.33866
30.3	0.506101	0.338659
30.4	0.506099	0.338657
30.5	0.506096	0.338656
30.6	0.506094	0.338654
30.7	0.506092	0.338653
30.8	0.50609	0.338652
30.9	0.506087	0.33865
31	0.506085	0.338649
31.1	0.506083	0.338648
31.2	0.50608	0.338646
31.3	0.506078	0.338645
31.4	0.506076	0.338644
31.5	0.506074	0.338642
31.6	0.506071	0.338641
31.7	0.506069	0.33864
31.8	0.506067	0.338639
31.9	0.506065	0.338637
32	0.506062	0.338636
32.1	0.50606	0.338635
32.2	0.506058	0.338633
32.3	0.506056	0.338632
32.4	0.506053	0.338631
32.5	0.506051	0.33863
32.6	0.506049	0.338628
32.7	0.506047	0.338627
32.8	0.506045	0.338626
32.9	0.506043	0.338625
33	0.50604	0.338623
33.1	0.506038	0.338622
33.2	0.506036	0.338621
33.3	0.506034	0.33862
33.4	0.506032	0.338618
33.5	0.50603	0.338617
33.6	0.506027	0.338616
33.7	0.506025	0.338615
33.8	0.506023	0.338614
33.9	0.506021	0.338612
34	0.506019	0.338611
34.1	0.506017	0.33861
34.2	0.506015	0.338609
34.3	0.506013	0.338608
34.4	0.50601	0.338606
34.5	0.506008	0.338605
34.6	0.506006	0.338604
34.7	0.506004	0.338603
34.8	0.506002	0.338602
34.9	0.506	0.338601
35	0.505998	0.338599
35.1	0.505996	0.338598
35.2	0.505994	0.338597
35.3	0.505992	0.338596
35.4	0.50599	0.338595
35.5	0.505988	0.338594
35.6	0.505986	0.338593
35.7	0.505984	0.338591
35.8	0.505982	0.33859
35.9	0.50598	0.338589
36	0.505977	0.338588
36.1	0.505975	0.338587
36.2	0.505973	0.338586
36.3	0.505971	0.338585
36.4	0.505969	0.338584
36.5	0.505967	0.338582
36.6	0.505965	0.338581
36.7	0.505963	0.33858
36.8	0.505961	0.338579
36.9	0.505959	0.338578
37	0.505957	0.338577
37.1	0.505955	0.338576
37.2	0.505953	0.338575
37.3	0.505952	0.338574
37.4	0.50595	0.338573
37.5	0.505948	0.338572
37.6	0.505946	0.33857
37.7	0.505944	0.338569
37.8	0.505942	0.338568
37.9	0.50594	0.338567
38	0.505938	0.338566
38.1	0.505936	0.338565
38.2	0.505934	0.338564
38.3	0.505932	0.338563
38.4	0.50593	0.338562
38.5	0.505928	0.338561
38.6	0.505926	0.33856
38.7	0.505924	0.338559
38.8	0.505922	0.338558
38.9	0.50592	0.338557
39	0.505919	0.338556
39.1	0.505917	0.338555
39.2	0.505915	0.338554
39.3	0.505913	0.338553
39.4	0.505911	0.338552
39.5	0.505909	0.338551
39.6	0.505907	0.33855
39.7	0.505905	0.338549
39.8	0.505903	0.338548
39.9	0.505901	0.338547
40	0.5059	0.338546
40.1	0.505898	0.338545
40.2	0.505896	0.338544
40.3	0.505894	0.338543
40.4	0.505892	0.338542
40.5	0.50589	0.338541
40.6	0.505888	0.33854
40.7	0.505887	0.338539
40.8	0.505885	0.338538
40.9	0.505883	0.338537
41	0.505881	0.338536
41.1	0.505879	0.338535
41.2	0.505877	0.338534
41.3	0.505875	0.338533
41.4	0.505874	0.338532
41.5	0.505872	0.338531
41.6	0.50587	0.33853
41.7	0.505868	0.338529
41.8	0.505866	0.338528
41.9	0.505864	0.338527
42	0.505863	0.338526
42.1	0.505861	0.338525
42.2	0.505859	0.338524
42.3	0.505857	0.338523
42.4	0.505855	0.338522
42.5	0.505854	0.338521
42.6	0.505852	0.33852
42.7	0.50585	0.338519
42.8	0.505848	0.338518
42.9	0.505846	0.338517
43	0.505845	0.338517
43.1	0.505843	0.338516
43.2	0.505841	0.338515
43.3	0.505839	0.338514
43.4	0.505837	0.338513
43.5	0.505836	0.338512
43.6	0.505834	0.338511
43.7	0.505832	0.33851
43.8	0.50583	0.338509
43.9	0.505829	0.338508
44	0.505827	0.338507
44.1	0.505825	0.338506
44.2	0.505823	0.338505
44.3	0.505822	0.338505
44.4	0.50582	0.338504
44.5	0.505818	0.338503
44.6	0.505816	0.338502
44.7	0.505815	0.338501
44.8	0.505813	0.3385
44.9	0.505811	0.338499
45	0.505809	0.338498
45.1	0.505808	0.338497
45.2	0.505806	0.338496
45.3	0.505804	0.338495
45.4	0.505802	0.338495
45.5	0.505801	0.338494
45.6	0.505799	0.338493
45.7	0.505797	0.338492
45.8	0.505795	0.338491
45.9	0.505794	0.33849
46	0.505792	0.338489
46.1	0.50579	0.338488
46.2	0.505789	0.338488
46.3	0.505787	0.338487
46.4	0.505785	0.338486
46.5	0.505783	0.338485
46.6	0.505782	0.338484
46.7	0.50578	0.338483
46.8	0.505778	0.338482
46.9	0.505777	0.338481
47	0.505775	0.338481
47.1	0.505773	0.33848
47.2	0.505771	0.338479
47.3	0.50577	0.338478
47.4	0.505768	0.338477
47.5	0.505766	0.338476
47.6	0.505765	0.338475
47.7	0.505763	0.338474
47.8	0.505761	0.338474
47.9	0.50576	0.338473
48	0.505758	0.338472
48.1	0.505756	0.338471
48.2	0.505755	0.33847
48.3	0.505753	0.338469
48.4	0.505751	0.338469
48.5	0.50575	0.338468
48.6	0.505748	0.338467
48.7	0.505746	0.338466
48.8	0.505745	0.338465
48.9	0.505743	0.338464
49	0.505741	0.338463
49.1	0.50574	0.338463
49.2	0.505738	0.338462
49.3	0.505736	0.338461
49.4	0.505735	0.33846
49.5	0.505733	0.338459
49.6	0.505731	0.338458
49.7	0.50573	0.338458
49.8	0.505728	0.338457
49.9	0.505726	0.338456
50	0.505725	0.338455
50.1	0.505723	0.338454
50.2	0.505721	0.338453
50.3	0.50572	0.338453
50.4	0.505718	0.338452
50.5	0.505716	0.338451
50.6	0.505715	0.33845
50.7	0.505713	0.338449
50.8	0.505711	0.338449
50.9	0.50571	0.338448
51	0.505708	0.338447
51.1	0.505707	0.338446
51.2	0.505705	0.338445
51.3	0.505703	0.338445
51.4	0.505702	0.338444
51.5	0.5057	0.338443
51.6	0.505698	0.338442
51.7	0.505697	0.338441
51.8	0.505695	0.33844
51.9	0.505694	0.33844
52	0.505692	0.338439
52.1	0.50569	0.338438
52.2	0.505689	0.338437
52.3	0.505687	0.338436
52.4	0.505686	0.338436
52.5	0.505684	0.338435
52.6	0.505682	0.338434
52.7	0.505681	0.338433
52.8	0.505679	0.338432
52.9	0.505677	0.338432
53	0.505676	0.338431
53.1	0.505674	0.33843
53.2	0.505673	0.338429
53.3	0.505671	0.338429
53.4	0.505669	0.338428
53.5	0.505668	0.338427
53.6	0.505666	0.338426
53.7	0.505665	0.338425
53.8	0.505663	0.338425
53.9	0.505662	0.338424
54	0.50566	0.338423
54.1	0.505658	0.338422
54.2	0.505657	0.338421
54.3	0.505655	0.338421
54.4	0.505654	0.33842
54.5	0.505652	0.338419
54.6	0.50565	0.338418
54.7	0.505649	0.338418
54.8	0.505647	0.338417
54.9	0.505646	0.338416
55	0.505644	0.338415
55.1	0.505643	0.338414
55.2	0.505641	0.338414
55.3	0.505639	0.338413
55.4	0.505638	0.338412
55.5	0.505636	0.338411
55.6	0.505635	0.338411
55.7	0.505633	0.33841
55.8	0.505632	0.338409
55.9	0.50563	0.338408
56	0.505628	0.338408
56.1	0.505627	0.338407
56.2	0.505625	0.338406
56.3	0.505624	0.338405
56.4	0.505622	0.338405
56.5	0.505621	0.338404
56.6	0.505619	0.338403
56.7	0.505617	0.338402
56.8	0.505616	0.338401
56.9	0.505614	0.338401
57	0.505613	0.3384
57.1	0.505611	0.338399
57.2	0.50561	0.338398
57.3	0.505608	0.338398
57.4	0.505607	0.338397
57.5	0.505605	0.338396
57.6	0.505604	0.338395
57.7	0.505602	0.338395
57.8	0.5056	0.338394
57.9	0.505599	0.338393
58	0.505597	0.338392
58.1	0.505596	0.338392
58.2	0.505594	0.338391
58.3	0.505593	0.33839
58.4	0.505591	0.338389
58.5	0.50559	0.338389
58.6	0.505588	0.338388
58.7	0.505587	0.338387
58.8	0.505585	0.338387
58.9	0.505583	0.338386
59	0.505582	0.338385
59.1	0.50558	0.338384
59.2	0.505579	0.338384
59.3	0.505577	0.338383
59.4	0.505576	0.338382
59.5	0.505574	0.338381
59.6	0.505573	0.338381
59.7	0.505571	0.33838
59.8	0.50557	0.338379
59.9	0.505568	0.338378
60	0.505567	0.338378
60.1	0.505565	0.338377
60.2	0.505564	0.338376
60.3	0.505562	0.338375
60.4	0.505561	0.338375
60.5	0.505559	0.338374
60.6	0.505558	0.338373
60.7	0.505556	0.338373
60.8	0.505555	0.338372
60.9	0.505553	0.338371
61	0.505551	0.33837
61.1	0.50555	0.33837
61.2	0.505548	0.338369
61.3	0.505547	0.338368
61.4	0.505545	0.338367
61.5	0.505544	0.338367
61.6	0.505542	0.338366
61.7	0.505541	0.338365
61.8	0.505539	0.338365
61.9	0.505538	0.338364
62	0.505536	0.338363
62.1	0.505535	0.338362
62.2	0.505533	0.338362
62.3	0.505532	0.338361
62.4	0.50553	0.33836
62.5	0.505529	0.33836
62.6	0.505527	0.338359
62.7	0.505526	0.338358
62.8	0.505524	0.338357
62.9	0.505523	0.338357
63	0.505521	0.338356
63.1	0.50552	0.338355
63.2	0.505518	0.338355
63.3	0.505517	0.338354
63.4	0.505515	0.338353
63.5	0.505514	0.338352
63.6	0.505512	0.338352
63.7	0.505511	0.338351
63.8	0.505509	0.33835
63.9	0.505508	0.33835
64	0.505506	0.338349
64.1	0.505505	0.338348
64.2	0.505504	0.338347
64.3	0.505502	0.338347
64.4	0.505501	0.338346
64.5	0.505499	0.338345
64.6	0.505498	0.338345
64.7	0.505496	0.338344
64.8	0.505495	0.338343
64.9	0.505493	0.338342
65	0.505492	0.338342
65.1	0.50549	0.338341
65.2	0.505489	0.33834
65.3	0.505487	0.33834
65.4	0.505486	0.338339
65.5	0.505484	0.338338
65.6	0.505483	0.338338
65.7	0.505481	0.338337
65.8	0.50548	0.338336
65.9	0.505478	0.338335
66	0.505477	0.338335
66.1	0.505475	0.338334
66.2	0.505474	0.338333
66.3	0.505472	0.338333
66.4	0.505471	0.338332
66.5	0.50547	0.338331
66.6	0.505468	0.338331
66.7	0.505467	0.33833
66.8	0.505465	0.338329
66.9	0.505464	0.338328
67	0.505462	0.338328
67.1	0.505461	0.338327
67.2	0.505459	0.338326
67.3	0.505458	0.338326
67.4	0.505456	0.338325
67.5	0.505455	0.338324
67.6	0.505453	0.338324
67.7	0.505452	0.338323
67.8	0.50545	0.338322
67.9	0.505449	0.338322
68	0.505448	0.338321
68.1	0.505446	0.33832
68.2	0.505445	0.33832
68.3	0.505443	0.338319
68.4	0.505442	0.338318
68.5	0.50544	0.338317
68.6	0.505439	0.338317
68.7	0.505437	0.338316
68.8	0.505436	0.338315
68.9	0.505434	0.338315
69	0.505433	0.338314
69.1	0.505432	0.338313
69.2	0.50543	0.338313
69.3	0.505429	0.338312
69.4	0.505427	0.338311
69.5	0.505426	0.338311
69.6	0.505424	0.33831
69.7	0.505423	0.338309
69.8	0.505421	0.338309
69.9	0.50542	0.338308
70	0.505418	0.338307
70.1	0.505417	0.338307
70.2	0.505416	0.338306
70.3	0.505414	0.338305
70.4	0.505413	0.338304
70.5	0.505411	0.338304
70.6	0.50541	0.338303
70.7	0.505408	0.338302
70.8	0.505407	0.338302
70.9	0.505405	0.338301
71	0.505404	0.3383
71.1	0.505403	0.3383
71.2	0.505401	0.338299
71.3	0.5054	0.338298
71.4	0.505398	0.338298
71.5	0.505397	0.338297
71.6	0.505395	0.338296
71.7	0.505394	0.338296
71.8	0.505393	0.338295
71.9	0.505391	0.338294
72	0.50539	0.338294
72.1	0.505388	0.338293
72.2	0.505387	0.338292
72.3	0.505385	0.338292
72.4	0.505384	0.338291
72.5	0.505383	0.33829
72.6	0.505381	0.33829
72.7	0.50538	0.338289
72.8	0.505378	0.338288
72.9	0.505377	0.338288
73	0.505375	0.338287
73.1	0.505374	0.338286
73.2	0.505373	0.338286
73.3	0.505371	0.338285
73.4	0.50537	0.338284
73.5	0.505368	0.338284
73.6	0.505367	0.338283
73.7	0.505365	0.338282
73.8	0.505364	0.338282
73.9	0.505363	0.338281
74	0.505361	0.33828
74.1	0.50536	0.33828
74.2	0.505358	0.338279
74.3	0.505357	0.338278
74.4	0.505355	0.338278
74.5	0.505354	0.338277
74.6	0.505353	0.338276
74.7	0.505351	0.338276
74.8	0.50535	0.338275
74.9	0.505348	0.338274
75	0.505347	0.338274
75.1	0.505346	0.338273
75.2	0.505344	0.338272
75.3	0.505343	0.338272
75.4	0.505341	0.338271
75.5	0.50534	0.338271
75.6	0.505339	0.33827
75.7	0.505337	0.338269
75.8	0.505336	0.338269
75.9	0.505334	0.338268
76	0.505333	0.338267
76.1	0.505331	0.338267
76.2	0.50533	0.338266
76.3	0.505329	0.338265
76.4	0.505327	0.338265
76.5	0.505326	0.338264
76.6	0.505324	0.338263
76.7	0.505323	0.338263
76.8	0.505322	0.338262
76.9	0.50532	0.338262
77	0.505319	0.338261
77.1	0.505318	0.33826
77.2	0.505316	0.33826
77.3	0.505315	0.338259
77.4	0.505313	0.338258
77.5	0.505312	0.338258
77.6	0.505311	0.338257
77.7	0.505309	0.338256
77.8	0.505308	0.338256
77.9	0.505306	0.338255
78	0.505305	0.338255
78.1	0.505304	0.338254
78.2	0.505302	0.338253
78.3	0.505301	0.338253
78.4	0.5053	0.338252
78.5	0.505298	0.338251
78.6	0.505297	0.338251
78.7	0.505295	0.33825
78.8	0.505294	0.33825
78.9	0.505293	0.338249
79	0.505291	0.338248
79.1	0.50529	0.338248
79.2	0.505289	0.338247
79.3	0.505287	0.338247
79.4	0.505286	0.338246
79.5	0.505285	0.338245
79.6	0.505283	0.338245
79.7	0.505282	0.338244
79.8	0.505281	0.338244
79.9	0.505279	0.338243
80	0.505278	0.338242
80.1	0.505276	0.338242
80.2	0.505275	0.338241
80.3	0.505274	0.338241
80.4	0.505273	0.33824
80.5	0.505271	0.33824
80.6	0.50527	0.338239
80.7	0.505269	0.338238
80.8	0.505267	0.338238
80.9	0.505266	0.338237
81	0.505265	0.338237
81.1	0.505263	0.338236
81.2	0.505262	0.338236
81.3	0.505261	0.338235
81.4	0.505259	0.338235
81.5	0.505258	0.338234
81.6	0.505257	0.338233
81.7	0.505256	0.338233
81.8	0.505254	0.338232
81.9	0.505253	0.338232
82	0.505252	0.338231
82.1	0.50525	0.338231
82.2	0.505249	0.33823
82.3	0.505248	0.33823
82.4	0.505247	0.338229
82.5	0.505245	0.338229
82.6	0.505244	0.338228
82.7	0.505243	0.338228
82.8	0.505242	0.338227
82.9	0.505241	0.338227
83	0.505239	0.338226
83.1	0.505238	0.338226
83.2	0.505237	0.338226
83.3	0.505236	0.338225
83.4	0.505235	0.338225
83.5	0.505233	0.338224
83.6	0.505232	0.338224
83.7	0.505231	0.338223
83.8	0.50523	0.338223
83.9	0.505229	0.338223
84	0.505228	0.338222
84.1	0.505227	0.338222
84.2	0.505225	0.338221
84.3	0.505224	0.338221
84.4	0.505223	0.338221
84.5	0.505222	0.33822
84.6	0.505221	0.33822
84.7	0.50522	0.33822
84.8	0.505219	0.338219
84.9	0.505218	0.338219
85	0.505217	0.338219
85.1	0.505216	0.338219
85.2	0.505215	0.338218
85.3	0.505214	0.338218
85.4	0.505213	0.338218
85.5	0.505212	0.338218
85.6	0.505211	0.338217
85.7	0.50521	0.338217
85.8	0.505209	0.338217
85.9	0.505209	0.338217
86	0.505208	0.338217
86.1	0.505207	0.338217
86.2	0.505206	0.338216
86.3	0.505205	0.338216
86.4	0.505204	0.338216
86.5	0.505204	0.338216
86.6	0.505203	0.338216
86.7	0.505202	0.338216
86.8	0.505202	0.338216
86.9	0.505201	0.338216
87	0.5052	0.338216
87.1	0.5052	0.338216
87.2	0.505199	0.338217
87.3	0.505199	0.338217
87.4	0.505198	0.338217
87.5	0.505198	0.338217
87.6	0.505197	0.338217
87.7	0.505197	0.338218
87.8	0.505196	0.338218
87.9	0.505196	0.338218
88	0.505196	0.338218
88.1	0.505196	0.338219
88.2	0.505195	0.338219
88.3	0.505195	0.33822
88.4	0.505195	0.33822
88.5	0.505195	0.338221
88.6	0.505195	0.338221
88.7	0.505195	0.338222
88.8	0.505195	0.338222
88.9	0.505195	0.338223
89	0.505195	0.338224
89.1	0.505195	0.338225
89.2	0.505196	0.338226
89.3	0.505196	0.338226
89.4	0.505196	0.338227
89.5	0.505197	0.338228
89.6	0.505197	0.338229
89.7	0.505198	0.33823
89.8	0.505199	0.338232
89.9	0.505199	0.338233
90	0.5052	0.338234
90.1	0.505201	0.338235
90.2	0.505202	0.338237
90.3	0.505203	0.338238
90.4	0.505204	0.33824
90.5	0.505205	0.338241
90.6	0.505207	0.338243
90.7	0.505208	0.338245
90.8	0.50521	0.338247
90.9	0.505211	0.338249
91	0.505213	0.338251
91.1	0.505215	0.338253
91.2	0.505217	0.338255
91.3	0.505219	0.338257
91.4	0.505221	0.33826
91.5	0.505223	0.338262
91.6	0.505225	0.338265
91.7	0.505228	0.338267
91.8	0.505231	0.33827
91.9	0.505233	0.338273
92	0.505236	0.338276
92.1	0.50524	0.338279
92.2	0.505243	0.338283
92.3	0.505246	0.338286
92.4	0.50525	0.33829
92.5	0.505254	0.338293
92.6	0.505258	0.338297
92.7	0.505262	0.338301
92.8	0.505266	0.338305
92.9	0.505271	0.33831
93	0.505275	0.338314
93.1	0.50528	0.338319
93.2	0.505286	0.338324
93.3	0.505291	0.338328
93.4	0.505297	0.338334
93.5	0.505302	0.338339
93.6	0.505309	0.338345
93.7	0.505315	0.33835
93.8	0.505322	0.338356
93.9	0.505328	0.338362
94	0.505336	0.338369
94.1	0.505343	0.338375
94.2	0.505351	0.338382
94.3	0.505359	0.338389
94.4	0.505367	0.338397
94.5	0.505376	0.338404
94.6	0.505385	0.338412
94.7	0.505395	0.338421
94.8	0.505405	0.338429
94.9	0.505415	0.338438
95	0.505425	0.338447
95.1	0.505436	0.338456
95.2	0.505448	0.338466
95.3	0.50546	0.338476
95.4	0.505472	0.338486
95.5	0.505485	0.338497
95.6	0.505498	0.338508
95.7	0.505512	0.338519
95.8	0.505526	0.338531
95.9	0.50554	0.338544
96	0.505556	0.338556
96.1	0.505572	0.338569
96.2	0.505588	0.338583
96.3	0.505605	0.338597
96.4	0.505622	0.338611
96.5	0.505641	0.338626
96.6	0.505659	0.338641
96.7	0.505679	0.338657
96.8	0.505699	0.338674
96.9	0.50572	0.338691
97	0.505742	0.338708
97.1	0.505764	0.338726
97.2	0.505787	0.338745
97.3	0.505811	0.338764
97.4	0.505836	0.338784
97.5	0.505861	0.338805
97.6	0.505888	0.338826
97.7	0.505915	0.338848
97.8	0.505943	0.33887
97.9	0.505972	0.338893
98	0.506002	0.338917
98.1	0.506034	0.338942
98.2	0.506066	0.338968
98.3	0.506099	0.338994
98.4	0.506133	0.339021
98.5	0.506169	0.339049
98.6	0.506205	0.339078
98.7	0.506243	0.339108
98.8	0.506282	0.339138
98.9	0.506322	0.33917
99	0.506364	0.339203
99.1	0.506407	0.339236
99.2	0.506451	0.339271
99.3	0.506497	0.339307
99.4	0.506544	0.339343
99.5	0.506592	0.339381
99.6	0.506642	0.33942
99.7	0.506694	0.33946
99.8	0.506747	0.339502
99.9	0.506802	0.339544
100	0.506858	0.339588
